0.02 0.1  0.26 0.26 0.0  0.0   0.0  0.0  0.0  0.0   0.0
0.06 0.14 0.34 0.33 0.4  0.24  0.0  0.0  0.0  0.0   0.0
0.08 0.17 0.38 0.68 0.58 0.29  0.4  0.0  0.0  0.0   0.0
0.06 0.16 0.43 0.69 0.89 0.98  0.77 0.88 0.0  0.0   0.0
0.0  0.07 0.3  0.69 1.23 1.82  2.04 2.14 3.19 3.19  3.19
0.02 0.05 0.16 0.36 0.74 1.36  1.55 1.92 1.31 1.31  1.31
0.02 0.03 0.1  0.18 0.16 0.26  0.73 1.04 1.44 1.44  1.44
0.0  0.0  0.06 0.08 0.19 0.15  0.41 0.89 2.34 2.34  2.34
0.0  0.02 0.09 0.09 0.11 0.21  0.33 1.11 1.24 1.24  1.24
0.02 0.07 0.13 0.13 0.15 0.24  0.33 0.55 1.22 1.22  1.22
