0.03 0.04 0.1   0.33 0.5  0.93 2.93 9.11 42.06 42.06 42.06
0.02 0.07 0.16  0.18 0.29 0.52 1.05 2.19 8.52  8.52  8.52
0.03 0.11 0.26  0.4  0.46 0.34 0.4  1.25 2.81  2.81  2.81
0.03 0.08 0.2   0.49 0.51 0.73 0.6  0.62 1.75  1.75  1.75
0.02 0.04 0.18  0.39 0.63 4.25 2.96 2.96 1.43  1.43  1.43
0.01 0.03 0.13  0.26 0.49 1.4  2.33 1.21 1.6   1.6   1.6
0.03 0.04 0.01  0.08 0.22 0.52 1.04 0.89 1.05  1.05  1.05
0.03 0.04 0.05  0.08 0.11 0.26 0.56 0.63 1.48  1.48  1.48
0.03 0.05 0.08  0.1  0.2  0.32 0.54 0.71 0.99  0.99  0.99
0.02 0.05 0.08  0.12 0.17 0.27 0.46 1.08 1.08  1.08  1.08
