0.1   0.22  0.72 0.47  0.0   0.0   0.0   0.0   0.0   0.0   0.0
0.3   0.66  1.19 1.38  0.94  1.37  1.39  0.0   0.0   0.0   0.0
0.61  1.04  2.67 4.26  3.84  2.34  1.61  2.65  0.0   0.0   0.0
0.4   1.2   4.36 4.95  5.52  6.48  6.45  4.07  3.74  3.74  3.74
0.0   0.35  2.8  9.25  15.39 12.55 10.09 13.12 5.19  5.19  5.19
0.0   0.18  0.59 0.41  2.87  3.31  5.28  3.96  10.01 10.01 10.01
0.0   0.0   0.29 0.42  0.76  0.74  0.0   1.7   3.64  3.64  3.64
0.0   0.0   0.24 0.0   0.81  1.02  1.18  0.0   0.0   0.0   0.0
0.0   0.0   0.22 0.46  0.0   1.01  1.5   1.64  3.9   3.9   3.9
0.08  0.12  0.0  0.0   0.45  0.0   0.0   2.25  6.52  6.52  6.52
