0.06 0.14 0.39 0.33 0.0  0.0   0.0  0.0 0.0 0.0 0.0
0.14 0.3  0.55 0.75 0.61 0.94  0.95 0.0 0.0 0.0 0.0
0.21 0.37 0.72 1.22 1.56 1.37  1.12 1.71 0.0 0.0 0.0
0.18 0.36 0.94 1.43 1.92 2.36  2.61 2.48 2.44 2.44 2.44
0.0  0.18 0.7  1.52 2.28 3.01  3.36 4.89 3.21 3.21 3.21
0.0  0.11 0.34 0.28 1.28 1.53  2.45 2.4  5.47 5.47 5.47
0.0  0.0  0.19 0.25 0.49 0.53  0.0  1.2  2.41 2.41 2.41
0.0  0.0  0.15 0.0  0.47 0.64  0.79 0.0  0.0 0.0 0.0
0.0  0.0  0.12 0.25 0.0  0.66  0.91 1.1  2.67 2.67 2.67
0.05 0.07 0.0  0.0  0.27 0.0   0.0  1.45 3.6 3.6 3.6
