0.03  0.17  0.49 0.39 0.0  0.0   0.0   0.0   0.0   0.0  0.0
0.14  0.33  1.04 0.57 0.66 0.34  0.0   0.0   0.0   0.0  0.0
0.23  0.54  1.58 3.12 1.15 0.41  0.57  0.0   0.0   0.0  0.0
0.13  0.78  2.56 3.44 3.18 2.47  1.2   1.48  0.0   0.0  0.0
0.0   0.13  1.14 4.12 8.43 10.48 10.2  7.23  8.48  8.48  8.48
0.02  0.07  0.3  1.05 2.89 5.94  4.56  4.83  1.95  1.95  1.95
0.02  0.05  0.23 0.34 0.23 0.39  1.47  1.79  2.42  2.42  2.42
0.0   0.0   0.1  0.12 0.34 0.22  0.67  1.68  5.63  5.63  5.63
0.0   0.03  0.18 0.16 0.16 0.34  0.53  2.98  1.79  1.79  1.79
0.02  0.16  0.34 0.26 0.26 0.49  0.58  0.88  2.02  2.02  2.02
