0.04 0.12 0.33 0.37 0.78 1.25 2.87 8.1   33.44 33.44  33.44
0.07 0.16 0.38 0.4  0.66 0.42 1.32 2.72  8.3   8.3    8.3
0.1 0.19  0.47 0.68 0.72 0.53 0.67 1.79  3.58  3.58   3.58
0.07 0.2  0.46 0.68 0.99 1.1  0.89 1.22  3.33  3.33   3.33
0.05 0.1  0.35 0.69 1.16 1.82 1.94 2.67  8.48  8.48   8.48
0.02 0.06 0.21 0.42 0.95 1.51 1.65 2.16  1.95  1.95   1.95
0.03 0.05 0.13 0.22 0.28 0.42 0.9  1.35  2.42  2.42   2.42  
0.04 0.05 0.09 0.13 0.23 0.25 0.55 1.11  5.63  5.63   5.63
0.03 0.03 0.11 0.15 0.18 0.31 0.48 1.49  1.79  1.79   1.79
0.02 0.09 0.15 0.16 0.19 0.35 0.49 0.83  2.02  2.02   2.02
