0.09 0.22 0.51 0.49 0.98 2.49 5.3  10.23 41.64 41.64 41.64
0.17 0.35 0.67 0.77 0.86 1.28 1.66 4.38  11.45 11.45 11.45
0.23 0.41 0.92 1.36 1.68 1.86 1.97 2.55  6.8   6.8   6.8
0.19 0.4  1.0  1.45 2.07 2.69 3.34 3.46  3.88  3.88  3.88
0.17 0.25 0.81 1.65 2.57 3.1 4.83  5.26  4.97  4.97  4.97
0.11 0.15 0.35 0.45 1.54 2.04 2.94 2.73  6.86  6.86  6.86
0.11 0.17 0.25 0.36 0.7  0.82 2.79 2.0   3.77  3.77  3.77
0.1  0.13 0.23 0.54 0.54 0.86 1.28 3.09  5.33  5.33  5.33
0.12 0.16 0.19 0.36 0.63 1.18 1.23 1.78  3.98  3.98  3.98
0.08 0.11 0.22 0.49 0.41 1.21 2.12 1.94  5.68  5.68  5.68
