tic,GAIA,ra,dec,plx,tmag,Bmag,e_Bmag,Vmag,e_Vmag,Jmag,e_Jmag,Hmag,e_Hmag,Kmag,e_Kmag,GAIAmag,e_GAIAmag,gaiabp,e_gaiabp,gaiarp,e_gaiarp,w1mag,e_w1mag,w2mag,e_w2mag,w3mag,e_w3mag,w4mag,e_w4mag,assoc,age,ref,teff,rstar,mstar
35299503,2.947320602785888e+18,101.873619201882,-15.2573986337631,15.838,11.4074,14.475,0.29,13.081,0.101,10.209,0.024,9.555,0.022,9.35,0.019,12.3938,0.001403,13.3824,0.00768,11.4231,0.002969,9.213,0.023,9.178,0.019,9.06,0.031,8.703,0.441,Hyades,650.0,Jerabkova2021,3807.0,0.548735,0.544115
369469657,2.947506862629153e+18,101.514410014391,-15.2070850280138,10.0477,15.4333,19.438,0.168,,,13.714,0.032,13.137,0.035,12.783,0.033,16.8297,0.001519,18.6358,0.026628,15.5357,0.00353,12.58,0.024,12.369,0.024,11.721,0.277,8.355,,Hyades,650.0,Lodieu2019,3136.0,0.228092,0.197551
35718396,2.949241655762051e+18,102.518352627939,-13.7514062192781,9.21139,13.7806,18.257,0.162,16.1542,0.0464,12.245,0.027,11.624,0.026,11.389,0.019,15.0027,0.000668,16.3791,0.007953,13.8402,0.002011,11.154,0.022,11.051,0.021,11.072,0.125,8.942,,Hyades,650.0,Roeser2019,3411.0,0.412409,0.405417
148301414,3.045716757353896e+18,106.276405098298,-12.2600908424957,,14.971,17.703,0.181,16.715,0.012,13.197,0.029,12.217,0.025,11.521,0.019,15.7925,0.022541,16.4649,0.077451,14.743,0.049782,10.409,0.023,9.929,0.023,7.715,0.023,5.833,0.069,BDSB96,7.943282347242822,Cantat-Gaudin2020,,,
148301446,3.045716821772792e+18,106.272223191453,-12.2458599628382,0.812236,12.2841,13.696,0.171,13.121,0.08,11.332,0.027,10.773,0.022,10.354,0.023,12.8408,0.001861,13.3028,0.006861,12.2321,0.006227,9.64,0.023,9.225,0.02,7.457,0.018,4.897,0.029,BDSB96,7.943282347242822,Cantat-Gaudin2020,5988.0,3.47018,1.1
148301482,3.045727408872799e+18,106.207588008309,-12.2328506851772,1.14267,13.8822,15.129,0.009,14.51,0.103,13.206,0.026,12.901,0.022,12.863,0.03,14.336,0.001081,14.691,0.004886,13.8245,0.003236,12.793,0.064,12.684,0.074,10.078,0.092,6.864,,BDSB96,7.943282347242822,Cantat-Gaudin2020,5960.0,1.03157,1.09
148301485,3.045728645823369e+18,106.243538604488,-12.2324875800075,0.825024,12.8184,13.588,0.037,13.199,0.08,12.283,0.024,12.108,0.023,12.067,0.019,13.1053,0.000563,13.3165,0.002743,12.7404,0.000736,11.964,0.022,12.004,0.026,9.633,0.049,9.031,,BDSB96,7.943282347242822,Cantat-Gaudin2020,7834.0,1.77393,1.86
148301576,3.0457297109752463e+18,106.232659943907,-12.2007126912216,0.752871,15.9249,19.578,0.176,17.561,0.0483,14.476,0.037,13.72,0.029,13.461,0.038,16.88,0.003649,17.807,0.02011,15.8696,0.008458,13.085,0.027,13.022,0.033,9.049,0.036,6.673,0.092,BDSB96,7.943282347242822,Cantat-Gaudin2020,4317.0,1.51155,
148303280,3.0457174789083315e+18,106.360427485044,-12.1917649928921,0.888037,16.5173,18.975,0.188,18.5256,0.0598,14.669,0.049,13.909,0.053,13.671,0.046,17.5794,0.006234,18.7271,0.044009,16.4313,0.016869,13.341,0.025,13.424,0.037,12.234,,8.746,,BDSB96,7.943282347242822,Cantat-Gaudin2020,3823.0,1.16386,0.59
148303312,3.04571747890834e+18,106.357004187345,-12.2017001462749,0.880326,13.3936,15.155,0.075,14.182,0.114,12.541,0.024,12.121,0.022,11.99,0.024,13.9722,0.0024,14.4528,0.008924,13.3378,0.006867,11.934,0.023,12.021,0.025,11.917,,8.564,,BDSB96,7.943282347242822,Cantat-Gaudin2020,5632.0,2.04087,1.0
148343414,3.0457171310110147e+18,106.342754475488,-12.2226572945754,0.89906,16.4962,20.544,0.17,18.5644,0.0517,14.742,0.044,13.917,0.051,13.644,0.05,17.5734,0.002262,18.7729,0.028421,16.422,0.006075,13.677,0.039,13.788,0.07,11.583,,8.525,0.445,BDSB96,7.943282347242822,Cantat-Gaudin2020,3768.0,1.18427,0.57
148343419,3.045717169670701e+18,106.368670026249,-12.2229923631529,0.669064,16.2014,17.185,0.126,17.413,0.0465,14.655,0.06,13.926,0.066,13.394,0.06,16.9767,0.002053,17.6454,0.010214,16.1102,0.008997,12.453,0.03,12.087,0.035,11.012,0.188,8.89,,BDSB96,7.943282347242822,Cantat-Gaudin2020,4724.0,,
148343480,3.045716894792833e+18,106.300543450793,-12.2448263178561,0.756335,15.917,19.169,0.179,17.8138,0.0584,14.147,0.045,13.257,0.036,12.767,0.031,16.9571,0.007831,18.0292,0.039971,15.8478,0.023153,12.3,0.024,11.907,0.025,9.922,0.076,7.029,0.127,BDSB96,7.943282347242822,Cantat-Gaudin2020,3977.0,1.75696,
148343555,3.045716619914927e+18,106.323980517293,-12.264929987874,0.875922,16.2384,,,,,14.173,0.026,13.475,0.027,13.199,0.031,17.4743,0.001767,19.0057,0.021536,16.1688,0.006668,12.967,0.026,12.892,0.029,10.818,,8.708,,BDSB96,7.943282347242822,Cantat-Gaudin2020,3488.0,1.74547,
148343607,3.0457158597018614e+18,106.339490041355,-12.2796369459523,,16.7421,,,18.7364,0.0559,14.345,0.033,13.577,0.027,13.134,0.031,17.7672,0.007774,18.7597,0.030948,16.4354,0.022428,12.625,0.031,12.516,0.09,8.802,0.034,7.939,,BDSB96,7.943282347242822,Cantat-Gaudin2020,,,
148343652,3.04571569220225e+18,106.331656111944,-12.2920685172645,0.738972,15.2684,,,16.8374,0.0469,13.501,0.027,12.618,0.022,12.232,0.021,16.183,0.002905,17.0299,0.011293,15.1322,0.00812,11.342,0.026,10.708,0.027,7.802,0.08,5.326,0.153,BDSB96,7.943282347242822,Cantat-Gaudin2020,4062.0,2.05293,
148343682,3.0457142447942134e+18,106.306253815959,-12.3005396618152,,16.6258,,,18.3133,0.0522,14.288,0.056,13.584,0.066,13.394,0.058,17.5603,0.002353,18.2067,0.033242,16.1658,0.009967,,,,,,,,,BDSB96,7.943282347242822,Cantat-Gaudin2020,,,
148343691,3.0457156578422697e+18,106.327976446158,-12.3038651634565,,15.6192,,,17.0311,0.0464,13.935,0.026,13.167,0.027,12.898,0.034,16.4586,0.001343,17.1756,0.010543,15.4054,0.003481,,,,,,,,,BDSB96,7.943282347242822,Cantat-Gaudin2020,,,
148343694,3.0457154817447286e+18,106.345766584498,-12.3042236278935,,16.0117,,,18.105,0.0609,13.888,0.034,13.107,0.036,12.757,0.033,17.0631,0.002613,18.1726,0.04678,15.7605,0.008287,12.6,0.034,12.191,0.037,10.074,,7.721,0.309,BDSB96,7.943282347242822,Cantat-Gaudin2020,,,
148343696,3.045715481744729e+18,106.344154061681,-12.3057049347858,,16.9442,,,18.8532,0.055,14.558,0.033,13.755,0.035,13.53,0.051,17.9455,0.003452,18.7466,0.036835,16.4994,0.010843,,,,,,,,,BDSB96,7.943282347242822,Cantat-Gaudin2020,,,
148343714,3.045714214733269e+18,106.301223968224,-12.310622050781,0.96712,15.0477,,,16.576,1.133,13.055,0.023,12.048,0.022,11.545,0.019,15.9625,0.00869,16.7965,0.024209,14.8727,0.023192,9.874,0.023,9.429,0.024,4.683,0.018,1.642,0.021,BDSB96,7.943282347242822,Cantat-Gaudin2020,,,
148343723,3.0457141803735296e+18,106.308111217968,-12.3122487193107,,16.9641,,,18.2319,0.0473,14.437,0.033,13.48,0.035,13.048,0.03,17.7476,0.003063,17.9083,0.019101,16.2865,0.005755,,,,,,,,,BDSB96,7.943282347242822,Cantat-Gaudin2020,,,
148343735,3.045715417324097e+18,106.356285062324,-12.315778391265,,16.3724,,,18.2642,0.051,14.333,0.034,13.466,0.036,13.155,0.039,17.3688,0.002102,18.3256,0.027686,16.0941,0.006105,13.021,0.036,13.232,0.053,9.44,,6.664,0.203,BDSB96,7.943282347242822,Cantat-Gaudin2020,,,
148343751,3.045713974215096e+18,106.330407604876,-12.3193760256161,,16.0181,,,17.3973,0.0476,14.171,0.029,13.361,0.025,13.047,0.03,16.8452,0.005562,17.4006,0.014647,15.6636,0.012314,,,,,,,,,BDSB96,7.943282347242822,Cantat-Gaudin2020,,,
148343754,3.045713974215096e+18,106.333626243941,-12.3201537361617,0.815438,12.9009,14.942,-0.065,14.021,0.08,11.955,0.024,11.23,0.023,10.681,0.021,13.5814,0.003307,14.1625,0.012269,12.8379,0.009871,9.786,0.022,9.46,0.022,6.82,0.037,3.559,0.022,BDSB96,7.943282347242822,Cantat-Gaudin2020,5214.0,3.32918,
148343775,3.0457139742150994e+18,106.321454525042,-12.323943850164,,15.9504,,,16.5913,0.0935,13.815,0.105,12.65,,12.443,,16.4244,0.013255,15.9981,0.236877,15.0893,0.07927,,,,,,,,,BDSB96,7.943282347242822,Cantat-Gaudin2020,,,
148343787,3.045712389368358e+18,106.377657873577,-12.3264197653907,0.784353,14.2408,,,15.9996,0.0469,12.621,0.033,11.869,0.047,11.624,0.035,15.2336,0.002228,16.2385,0.011932,14.1795,0.0063,11.496,0.07,11.503,0.082,8.661,,6.401,,BDSB96,7.943282347242822,Cantat-Gaudin2020,4039.0,3.47712,
148343788,3.045712393667119e+18,106.37568588003,-12.3264713436826,0.768416,10.0765,10.314,0.08,10.281,0.008,9.625,0.027,9.523,0.031,9.41,0.021,10.2117,0.000502,10.3327,0.000935,9.99351,0.000961,,,,,,,,,BDSB96,7.943282347242822,Cantat-Gaudin2020,10053.0,5.44092,
148343791,3.0457139699163136e+18,106.323335074449,-12.3270316904527,,16.0873,,,17.3949,0.0476,13.68,0.034,12.906,0.022,12.647,0.019,16.8867,0.003195,17.1485,0.019854,15.4851,0.007751,,,,,,,,,BDSB96,7.943282347242822,Cantat-Gaudin2020,,,
148343795,3.045713905495622e+18,106.329144316246,-12.3276881416338,,15.0773,,,16.734,1.133,13.391,0.047,12.556,0.053,12.313,0.041,15.9445,0.00189,16.6895,0.012745,14.8427,0.004551,,,,,,,,,BDSB96,7.943282347242822,Cantat-Gaudin2020,,,
148343828,3.045713939855364e+18,106.318899687753,-12.3324224357471,0.948244,13.1075,,,14.446,0.172,11.569,0.027,10.812,0.025,10.573,0.021,13.9373,0.003757,14.7076,0.014339,13.0079,0.011187,9.74,0.033,9.594,0.036,4.695,0.038,0.997,0.024,BDSB96,7.943282347242822,Cantat-Gaudin2020,,,
148343832,3.0457139011968425e+18,106.339670894734,-12.3329636541484,,14.9364,,,16.108,0.229,12.773,0.07,11.859,0.082,11.474,0.062,15.8673,0.006387,16.705,0.020052,14.6747,0.013479,,,,,,,,,BDSB96,7.943282347242822,Cantat-Gaudin2020,,,
148343836,3.0457139054956216e+18,106.340235030342,-12.3338827868774,0.874077,14.3963,15.479,0.119,15.721,0.014,12.921,0.066,12.109,0.1,11.671,0.058,15.2438,0.015702,15.9953,0.05667,14.276,0.04026,9.254,0.022,8.798,0.02,4.324,0.013,1.641,0.018,BDSB96,7.943282347242822,Cantat-Gaudin2020,4349.0,2.21008,
148343860,3.045713935556572e+18,106.314735432758,-12.338154577232,,16.6232,,,17.5716,0.0477,14.35,0.065,13.464,0.074,13.16,0.058,17.2643,0.007026,17.1647,0.017989,15.8911,0.016932,,,,,,,,,BDSB96,7.943282347242822,Cantat-Gaudin2020,,,
148343868,3.045713836776153e+18,106.308271195649,-12.3410895642596,,15.4167,,,16.8691,0.0483,13.373,0.032,12.522,0.033,12.149,0.03,16.271,0.001913,16.8748,0.019767,15.0638,0.013042,11.287,0.033,12.199,0.071,8.791,,2.291,0.031,BDSB96,7.943282347242822,Cantat-Gaudin2020,,,
148343870,3.045713871135888e+18,106.330799128279,-12.3412925076749,0.853684,13.1724,,,14.715,0.126,11.859,0.029,11.163,0.031,10.806,0.023,13.9606,0.004348,14.6718,0.014863,13.1001,0.011472,9.661,0.021,9.246,0.02,5.02,0.013,1.274,0.015,BDSB96,7.943282347242822,Cantat-Gaudin2020,4592.0,3.54745,
148343872,3.045710911899605e+18,106.340262577215,-12.3434797713099,,16.9413,,,18.6179,0.0587,14.846,0.041,14.1,0.038,13.966,0.051,17.8723,0.002768,18.5446,0.050224,16.5141,0.010789,,,,,,,,,BDSB96,7.943282347242822,Cantat-Gaudin2020,,,
148343878,3.045710877539868e+18,106.352751930875,-12.345072989945,,14.5885,17.698,0.0,15.76,0.012,12.919,0.032,12.192,0.031,11.983,0.026,15.4292,0.007096,16.1555,0.032386,14.3818,0.033513,11.603,0.022,11.925,0.024,8.709,0.028,4.873,0.039,BDSB96,7.943282347242822,Cantat-Gaudin2020,,,
148343903,3.04571211449035e+18,106.406135586609,-12.3547763706005,0.911334,16.294,,,18.4055,0.0859,13.979,0.024,13.138,0.022,12.734,0.03,17.3645,0.008895,18.5497,0.083047,16.1386,0.021028,11.889,0.028,11.223,0.026,7.992,0.025,5.514,0.042,BDSB96,7.943282347242822,Cantat-Gaudin2020,3642.0,1.26436,0.53
148343920,3.045710740100912e+18,106.336365109788,-12.3618383081245,,15.7723,,,16.581,1.133,13.812,0.024,12.77,0.025,12.066,0.021,16.643,0.036764,17.2655,0.109851,15.4088,0.052206,10.913,0.024,10.603,0.032,8.042,0.049,5.253,0.104,BDSB96,7.943282347242822,Cantat-Gaudin2020,,,
148343952,3.045710705741068e+18,106.329711965838,-12.3761753357708,0.877858,15.2625,19.123,0.169,16.601,1.133,13.583,0.027,12.705,0.022,12.335,0.029,16.1804,0.002987,17.0583,0.019606,15.1837,0.007603,11.732,0.027,11.391,0.028,8.49,0.042,5.944,0.056,BDSB96,7.943282347242822,Cantat-Gaudin2020,4237.0,1.67829,
148343954,3.045710538241272e+18,106.348653930549,-12.3766724837858,0.834986,14.7974,19.043,0.167,16.326,1.133,13.251,0.029,12.477,0.025,12.155,0.023,15.6745,0.002403,16.4844,0.016733,14.7257,0.00747,11.804,0.027,11.528,0.026,8.586,0.2,5.891,,BDSB96,7.943282347242822,Cantat-Gaudin2020,4494.0,1.97406,
148343960,3.0457107100399683e+18,106.322507392664,-12.378906535371,0.695315,15.2741,19.442,0.167,16.9988,0.0463,13.665,0.026,12.913,0.023,12.65,0.029,16.2675,0.00147,17.2437,0.008765,15.2334,0.00296,12.342,0.039,12.84,0.035,8.338,0.036,5.021,0.032,BDSB96,7.943282347242822,Cantat-Gaudin2020,4338.0,2.28526,
148344085,3.045709232571222e+18,106.359268234897,-12.4188716877009,0.612579,13.064,14.863,0.113,13.482,0.069,12.463,0.027,12.301,0.022,12.19,0.024,13.3805,0.000381,13.6151,0.001997,12.99,0.001784,12.113,0.023,12.171,0.026,10.348,0.077,8.107,0.314,BDSB96,7.943282347242822,Cantat-Gaudin2020,7535.0,2.19269,1.74
148344316,3.0449580943291587e+18,106.374512528741,-12.4938139494314,0.841995,13.9128,16.266,0.106,14.898,0.069,12.493,0.026,11.867,0.027,11.723,0.024,14.7391,0.008058,15.5638,0.009781,13.9058,0.013249,11.586,0.023,11.573,0.022,12.343,0.455,9.048,,BDSB96,7.943282347242822,Cantat-Gaudin2020,4492.0,2.7281,
148503548,3.0449587428663634e+18,106.410410316757,-12.4285431684025,0.835555,15.9498,18.777,0.185,17.6798,0.048,14.457,0.039,13.656,0.035,13.424,0.05,16.925,0.002075,17.9548,0.017562,15.9114,0.008753,13.327,0.031,13.355,0.038,12.052,,8.494,,BDSB96,7.943282347242822,Cantat-Gaudin2020,3990.0,1.45179,
148503668,3.044960430791324e+18,106.481085627482,-12.3947004280965,0.889956,15.446,18.147,0.1,17.0322,0.0506,14.026,0.029,13.226,0.033,13.047,0.041,16.3703,0.005983,17.321,0.025508,15.412,0.017248,12.942,0.023,12.994,0.027,12.522,,8.771,,BDSB96,7.943282347242822,Cantat-Gaudin2020,4098.0,1.59496,
148503675,3.0449604995115653e+18,106.46622051489,-12.3933574779192,0.797884,16.2737,,,18.664,0.0599,14.363,0.037,13.609,0.036,13.313,0.04,17.44,0.001827,18.8286,0.041611,16.2091,0.006308,,,,,,,,,BDSB96,7.943282347242822,Cantat-Gaudin2020,3613.0,1.67105,
148504000,3.045712737264471e+18,106.429702306737,-12.3002416774639,0.986878,15.5609,19.966,0.164,17.5465,0.0533,13.75,0.029,13.013,0.025,12.792,0.036,16.6149,0.001485,17.7708,0.033946,15.4933,0.003317,12.731,0.025,12.6,0.029,12.291,,8.897,,BDSB96,7.943282347242822,Cantat-Gaudin2020,3828.0,1.59372,
751797062,3.0457139054956216e+18,106.33277451408,-12.3299461104258,0.862603,15.8576,,,17.5681,0.0695,,,,,,,16.7994,0.008325,17.0953,0.042733,15.0325,0.057264,,,,,,,,,BDSB96,7.943282347242822,Cantat-Gaudin2020,,,
751797587,3.045717169670701e+18,106.368670026249,-12.2229923631529,0.669064,16.2014,,,17.413,0.0465,,,,,,,16.9767,0.002053,17.6454,0.010214,16.1102,0.008997,,,,,,,,,BDSB96,7.943282347242822,Cantat-Gaudin2020,4724.0,,
147123175,2.9495331938409027e+18,104.424758081535,-13.1642814874522,0.00541944,16.6095,17.956,0.122,17.4108,0.046,15.597,0.052,15.193,0.089,15.343,0.198,17.1684,0.001094,17.6529,0.006795,16.5332,0.00356,15.316,0.042,16.023,0.172,12.756,,8.969,,Berkeley_33,234.4228815319917,Cantat-Gaudin2020,7937.0,2.76231,1.91
147123187,2.9495339540554286e+18,104.410792454944,-13.1679359445251,0.191062,15.5487,13.9,0.064,16.155,0.093,14.752,0.034,14.6,0.056,14.608,0.096,15.9439,0.000674,16.2586,0.006748,15.4534,0.002562,14.543,0.054,14.622,0.078,12.567,,8.683,,Berkeley_33,234.4228815319917,Cantat-Gaudin2020,8230.0,2.24093,2.02
147123250,2.949532781526955e+18,104.408246584565,-13.1881911139592,0.296426,15.9275,17.504,0.115,16.9392,0.046,14.868,0.034,14.531,0.045,14.378,0.083,16.6102,0.000859,17.1979,0.006929,15.8767,0.003525,14.284,0.029,14.233,0.045,12.657,,8.979,0.491,Berkeley_33,234.4228815319917,Cantat-Gaudin2020,5737.0,2.04742,1.02
147123301,2.949532712807434e+18,104.408069796543,-13.2032097934062,0.0875035,16.8762,17.64,0.127,17.5316,0.0461,15.962,0.067,15.697,0.152,15.688,,17.3487,0.001406,17.7352,0.011906,16.7779,0.006967,16.051,0.056,17.16,0.421,12.681,,9.092,,Berkeley_33,234.4228815319917,Cantat-Gaudin2020,8192.0,1.58972,2.0
147123311,2.949532510946434e+18,104.424781735082,-13.2051916436812,0.240544,16.8487,18.131,0.133,17.6593,0.0461,15.915,0.073,15.603,0.112,15.184,,17.4217,0.001337,17.89,0.009044,16.7825,0.008206,,,,,,,,,Berkeley_33,234.4228815319917,Cantat-Gaudin2020,6463.0,1.27747,1.31
147123319,2.949532717104869e+18,104.416260915081,-13.2064429459853,0.214598,15.6262,16.783,0.098,16.156,0.037,14.979,0.032,14.853,0.061,14.579,0.088,15.975,0.000876,16.242,0.004796,15.532,0.004671,14.96,0.034,15.495,0.106,12.825,,8.954,,Berkeley_33,234.4228815319917,Cantat-Gaudin2020,8141.0,1.82771,1.99
147123347,2.9495325796659267e+18,104.399889043918,-13.2167966348945,0.144134,12.1829,15.342,0.055,13.732,0.114,10.737,0.023,10.091,0.022,9.873,0.019,13.1348,0.000342,14.0594,0.001782,12.1883,0.000911,9.74,0.024,9.776,0.021,9.623,0.046,9.068,0.514,Berkeley_33,234.4228815319917,Cantat-Gaudin2020,5149.81,30.7448,
147123366,2.9495323391477524e+18,104.42492968678,-13.2251315906045,0.151353,16.7837,18.265,0.128,17.6091,0.0465,15.855,0.064,15.422,0.096,15.465,0.209,17.3631,0.001198,17.8526,0.018104,16.724,0.004674,15.433,0.041,16.081,0.164,12.659,,8.7,,Berkeley_33,234.4228815319917,Cantat-Gaudin2020,6894.0,1.66257,1.5
147123370,2.9495323391477555e+18,104.418130327342,-13.2258418133896,0.109641,15.3517,16.463,0.07,15.987,1.133,14.566,0.041,14.409,0.075,14.41,0.089,15.7675,0.000742,16.1076,0.002831,15.2426,0.003582,14.259,0.033,14.343,0.05,12.479,,8.908,,Berkeley_33,234.4228815319917,Cantat-Gaudin2020,8827.0,3.34764,2.22
147123517,2.9495145751630484e+18,104.413202107367,-13.2820867365086,0.126508,15.757,17.45,0.026,16.507,1.133,14.872,0.038,14.617,0.049,14.539,0.095,16.2938,0.000709,16.744,0.005216,15.6778,0.003012,14.408,0.027,14.518,0.049,12.672,,9.097,,Berkeley_33,234.4228815319917,Cantat-Gaudin2020,7649.0,3.0023,1.79
147123526,2.949514369004615e+18,104.42477188956,-13.2862800317279,0.207054,16.0893,16.6,0.119,16.485,1.133,15.158,0.056,14.978,0.081,14.7,0.104,16.6338,0.00097,17.0713,0.005677,16.0061,0.005015,,,,,,,,,Berkeley_33,234.4228815319917,Cantat-Gaudin2020,7114.0,1.9491,1.58
147123530,2.949514364706793e+18,104.419265910007,-13.2881213772646,0.103323,16.4285,17.617,0.117,17.286,0.046,15.486,0.042,14.926,0.052,15.123,0.145,17.0239,0.001025,17.5228,0.006513,16.3542,0.002489,14.921,0.031,15.098,0.07,12.153,,9.141,,Berkeley_33,234.4228815319917,Cantat-Gaudin2020,7208.0,2.35706,1.62
147254812,2.949513540073036e+18,104.445067097231,-13.2986098027759,0.102705,15.5815,16.435,0.113,16.516,0.252,14.787,0.037,14.601,0.047,14.289,0.084,16.0232,0.000712,16.3821,0.005255,15.476,0.003059,,,,,,,,,Berkeley_33,234.4228815319917,Cantat-Gaudin2020,8485.0,3.1783,2.11
147254845,2.949519419886134e+18,104.492939970251,-13.2893825895343,0.123497,15.0402,16.093,0.076,15.319,0.126,14.333,0.03,14.217,0.039,14.271,0.066,15.3883,0.000697,15.6724,0.002842,14.9277,0.001782,14.012,0.027,14.087,0.042,12.404,,8.797,,Berkeley_33,234.4228815319917,Cantat-Gaudin2020,9350.0,3.5304,2.37
147254848,2.949519381228591e+18,104.480140948396,-13.2891589404453,0.0381693,16.5777,18.337,0.123,17.5245,0.0462,15.508,0.055,15.149,0.083,15.01,0.13,17.2246,0.001383,17.7697,0.012402,16.5127,0.004307,15.195,0.035,15.355,0.079,12.524,,9.254,,Berkeley_33,234.4228815319917,Cantat-Gaudin2020,6637.0,2.60983,1.39
147254850,2.9495143690046167e+18,104.425773785092,-13.2888536428036,0.112177,15.249,,,15.957,0.24,14.383,0.03,14.1,0.022,13.923,0.07,15.7704,0.000852,16.1963,0.003529,15.1566,0.00204,13.849,0.048,13.909,0.051,12.372,0.446,8.848,,Berkeley_33,234.4228815319917,Cantat-Gaudin2020,7776.0,3.98409,1.84
147254871,2.9495194542458767e+18,104.468406527433,-13.2828789878896,0.191262,14.8749,15.847,0.024,15.358,0.046,14.126,0.037,14.034,0.039,13.918,0.056,15.2468,0.000683,15.5425,0.004702,14.7635,0.00246,13.704,0.026,13.771,0.036,12.65,,8.858,,Berkeley_33,234.4228815319917,Cantat-Gaudin2020,8865.0,2.96936,2.23
147254885,2.949519488605612e+18,104.469911189777,-13.2769963401104,0.142863,16.0655,16.813,0.117,16.565,1.133,15.295,0.049,15.187,0.077,14.949,0.132,16.4759,0.000896,16.802,0.008819,15.9497,0.005844,14.967,0.034,15.095,0.084,12.676,,9.301,,Berkeley_33,234.4228815319917,Cantat-Gaudin2020,8757.0,2.02801,2.2
147254891,2.9495144033643443e+18,104.439907732168,-13.2758093104104,0.146576,15.7534,14.217,0.079,16.419,0.046,14.867,0.05,14.777,0.071,14.507,0.109,16.2326,0.000827,16.6133,0.007881,15.6457,0.00401,,,,,,,,,Berkeley_33,234.4228815319917,Cantat-Gaudin2020,8108.0,2.597,1.97
147254898,2.9495202788796017e+18,104.446677073121,-13.2735063330842,0.203301,16.0752,17.329,0.12,16.7652,0.0459,15.125,0.048,14.951,0.077,14.908,0.132,16.5733,0.001105,16.9387,0.006298,15.9552,0.004182,14.651,0.03,14.771,0.06,12.579,,8.984,,Berkeley_33,234.4228815319917,Cantat-Gaudin2020,7471.0,1.84863,1.72
147254940,2.949520308941644e+18,104.464562972381,-13.2593192897557,0.203269,16.6962,17.643,0.14,17.396,0.046,15.945,0.088,15.608,0.134,15.397,0.181,17.2007,0.001217,17.5912,0.008056,16.598,0.006539,,,,,,,,,Berkeley_33,234.4228815319917,Cantat-Gaudin2020,7371.0,1.37184,1.68
147254941,2.949520480740336e+18,104.432501638379,-13.2591479691047,0.0998511,16.0141,17.093,0.121,16.669,1.133,15.098,0.051,14.854,0.067,14.679,0.113,16.5311,0.000772,16.9601,0.005954,15.9279,0.003034,,,,,,,,,Berkeley_33,234.4228815319917,Cantat-Gaudin2020,7810.0,2.7157,1.85
147254943,2.9495203089416463e+18,104.453073018641,-13.2590045485486,0.0785969,16.1084,16.688,0.119,16.7052,0.0459,15.322,0.057,15.213,0.094,14.857,0.13,16.5429,0.00085,16.8996,0.003975,16.0051,0.004578,,,,,,,,,Berkeley_33,234.4228815319917,Cantat-Gaudin2020,8571.0,2.49963,2.14
147254947,2.949520485038028e+18,104.437607389322,-13.2581210392814,0.237525,16.1615,17.186,0.122,16.8271,0.0462,15.232,0.055,14.944,0.073,14.799,0.121,16.6465,0.000993,16.9592,0.011224,16.0087,0.010484,14.712,0.033,14.911,0.077,12.539,,8.958,,Berkeley_33,234.4228815319917,Cantat-Gaudin2020,7239.0,1.5722,1.63
147254953,2.9495204850380283e+18,104.433007842585,-13.2565359458783,0.11501,14.5559,15.795,0.106,15.301,0.138,13.658,0.033,13.488,0.036,13.335,0.054,15.0519,0.000534,15.4569,0.002097,14.4595,0.001942,13.224,0.024,13.273,0.031,11.683,,8.36,,Berkeley_33,234.4228815319917,Cantat-Gaudin2020,8009.0,5.71415,
147254958,2.949519621746895e+18,104.4971937158,-13.2557572931828,0.10685,15.3158,15.89,0.111,16.177,0.093,14.513,0.039,14.244,0.049,14.278,0.094,15.7653,0.000764,16.1338,0.004971,15.2118,0.001844,13.946,0.028,14.033,0.043,12.628,,9.104,,Berkeley_33,234.4228815319917,Cantat-Gaudin2020,8497.0,3.60975,2.11
147254965,2.949520381958788e+18,104.494202431317,-13.254264777813,0.131007,16.1201,,,16.7291,0.046,15.342,0.05,15.136,0.053,15.06,0.158,16.5643,0.000875,16.9146,0.008626,16.0123,0.00603,15.038,0.039,15.205,0.083,12.74,,9.151,,Berkeley_33,234.4228815319917,Cantat-Gaudin2020,8223.0,2.12132,2.02
147254966,2.949520480740357e+18,104.436928471508,-13.2533813887771,0.167457,17.2981,18.99,0.159,18.1724,0.0466,16.431,0.112,16.084,0.163,16.716,,17.9055,0.001784,18.4259,0.01672,17.2458,0.009682,15.795,0.055,16.148,0.217,12.168,,8.457,,Berkeley_33,234.4228815319917,Cantat-Gaudin2020,6710.0,1.24506,1.43
147254969,2.9495205151001006e+18,104.447524766883,-13.2525525206114,0.171785,16.7982,17.774,0.128,17.5778,0.0461,15.894,0.067,15.582,0.11,15.283,0.161,17.3501,0.001169,17.803,0.009715,16.7213,0.007386,,,,,,,,,Berkeley_33,234.4228815319917,Cantat-Gaudin2020,7182.0,1.50153,1.61
147254972,2.94952037766116e+18,104.487975931874,-13.2504716049261,0.129825,14.3602,15.572,0.114,14.91,0.08,13.584,0.023,13.393,0.022,13.326,0.038,14.7711,0.000426,15.1053,0.001906,14.248,0.001565,13.246,0.024,13.267,0.03,12.75,,8.999,,Berkeley_33,234.4228815319917,Cantat-Gaudin2020,8897.0,5.20281,
147254978,2.9495204120209034e+18,104.475865086022,-13.2488786023889,0.0142366,17.3163,18.493,0.162,18.1416,0.0464,16.502,0.118,15.73,,15.865,,17.8954,0.001732,18.3901,0.014049,17.2608,0.00941,16.26,0.061,17.44,,12.465,,9.03,,Berkeley_33,234.4228815319917,Cantat-Gaudin2020,6945.0,1.4589,1.52
147254979,2.9495205193988137e+18,104.450571184197,-13.2487139513353,0.124246,15.4782,16.827,0.183,16.095,1.133,14.629,0.034,14.424,0.033,14.503,0.098,15.9029,0.000795,16.2439,0.003813,15.366,0.002324,14.313,0.029,14.438,0.061,12.665,,8.894,,Berkeley_33,234.4228815319917,Cantat-Gaudin2020,8666.0,3.01583,2.17
147254983,2.9495204163185347e+18,104.465303253635,-13.2477120830579,0.128711,15.6917,16.904,0.114,16.469,0.127,14.849,0.034,14.676,0.045,14.787,0.12,16.1499,0.000763,16.5191,0.005051,15.5986,0.00376,14.55,0.029,14.796,0.063,12.586,,9.139,,Berkeley_33,234.4228815319917,Cantat-Gaudin2020,7959.0,2.74015,1.91
147254984,2.9495204506782674e+18,104.480161994446,-13.2474110291804,0.134507,14.9154,16.336,0.113,15.522,0.149,14.093,0.026,13.854,0.022,13.761,0.049,15.4158,0.00057,15.8177,0.002226,14.8207,0.001601,13.669,0.026,13.669,0.035,12.175,,9.206,,Berkeley_33,234.4228815319917,Cantat-Gaudin2020,7740.0,4.37875,1.83
147254988,2.949520416318532e+18,104.472784900753,-13.2465691428527,0.0198378,16.4163,18.247,0.122,17.3906,0.0461,15.356,0.054,15.035,0.077,14.809,0.131,17.0774,0.001145,17.6463,0.008183,16.3595,0.005315,14.898,0.032,15.493,0.101,12.238,,8.312,,Berkeley_33,234.4228815319917,Cantat-Gaudin2020,6711.0,2.94964,1.43
147254994,2.9495204120209306e+18,104.463146338052,-13.2452844197816,0.145828,16.6489,17.015,0.305,16.275,0.246,15.807,0.081,15.444,0.12,15.563,0.231,17.1648,0.001237,17.5911,0.010185,16.5751,0.006235,15.181,0.042,16.57,0.289,12.378,,8.552,,Berkeley_33,234.4228815319917,Cantat-Gaudin2020,7376.0,1.68411,1.68
147254999,2.9495206224769644e+18,104.46270745218,-13.2438535033867,0.0486347,16.8935,16.928,0.13,17.5996,0.0461,15.934,0.083,15.814,0.176,15.349,0.188,17.3994,0.001314,17.7955,0.0116,16.7884,0.005926,,,,,,,,,Berkeley_33,234.4228815319917,Cantat-Gaudin2020,7717.0,1.7886,1.82
147255001,2.949520622476967e+18,104.453817096465,-13.2432385121724,0.197886,15.4995,16.69,0.08,15.854,1.133,14.741,0.036,14.596,0.044,14.513,0.085,15.9147,0.000722,16.2456,0.003781,15.4052,0.005066,14.402,0.028,14.672,0.059,12.662,,9.099,,Berkeley_33,234.4228815319917,Cantat-Gaudin2020,8101.0,2.27012,1.97
147255002,2.94952061818006e+18,104.462696983383,-13.2428205202081,0.133435,16.6534,16.968,0.139,17.4444,0.0461,15.723,0.092,15.484,0.141,15.295,0.192,17.2125,0.00123,17.672,0.010742,16.5792,0.004688,14.846,0.036,15.602,0.123,12.521,,8.397,,Berkeley_33,234.4228815319917,Cantat-Gaudin2020,7067.0,1.83188,1.56
147255003,2.9495205881172367e+18,104.433392432408,-13.2425084969323,0.13803,14.6577,15.788,0.041,15.177,0.103,13.889,0.03,13.683,0.029,13.612,0.043,15.0399,0.000445,15.3504,0.003241,14.5412,0.002011,13.597,0.027,13.72,0.04,12.663,,8.992,,Berkeley_33,234.4228815319917,Cantat-Gaudin2020,9223.0,4.21418,2.34
147255008,2.949520446380679e+18,104.476788260043,-13.2403616026942,0.0809703,16.8227,18.133,0.13,17.6802,0.0461,15.906,0.069,15.493,0.096,15.299,0.196,17.4198,0.001504,17.923,0.008498,16.7587,0.006715,,,,,,,,,Berkeley_33,234.4228815319917,Cantat-Gaudin2020,6911.0,1.97731,1.51
147255009,2.9495206181793725e+18,104.464585904814,-13.239699258399,0.149974,17.3585,18.623,0.162,18.2175,0.0467,16.456,0.117,15.989,0.16,16.696,,17.9575,0.001852,18.4507,0.019186,17.2873,0.009746,15.688,0.05,17.288,,12.477,,8.541,,Berkeley_33,234.4228815319917,Cantat-Gaudin2020,6706.0,1.21672,1.42
147255010,2.949520446380684e+18,104.479522311355,-13.2396244371099,0.190137,16.5852,17.699,0.129,17.3275,0.0461,15.67,0.068,15.415,0.075,15.086,0.173,17.1158,0.001132,17.538,0.012959,16.499,0.003801,15.126,0.037,15.278,0.106,12.404,,9.2,,Berkeley_33,234.4228815319917,Cantat-Gaudin2020,7175.0,1.55111,1.6
147255018,2.949520618179382e+18,104.455113792249,-13.2379054544853,0.149035,16.8246,17.752,0.141,17.4799,0.046,16.002,0.089,15.771,0.124,15.267,,17.3006,0.001171,17.6885,0.01034,16.742,0.006083,,,,,,,,,Berkeley_33,234.4228815319917,Cantat-Gaudin2020,7682.0,1.44869,1.8
147255020,2.9495207599159004e+18,104.49237115922,-13.2374976844492,0.116018,15.5073,16.813,0.093,15.973,1.133,14.742,0.036,14.539,0.06,14.463,0.077,15.9353,0.000898,16.2852,0.005422,15.3997,0.002767,14.421,0.029,14.501,0.05,12.514,,9.131,,Berkeley_33,234.4228815319917,Cantat-Gaudin2020,8698.0,3.16875,2.18
147255021,2.949520446381369e+18,104.476003975453,-13.2370562449326,0.11453,14.682,15.077,0.108,15.246,0.137,13.779,0.03,13.505,0.033,13.345,0.042,15.2347,0.000609,15.6822,0.002162,14.5875,0.00164,,,,,,,,,Berkeley_33,234.4228815319917,Cantat-Gaudin2020,7560.0,5.80796,
147255030,2.9495206224769613e+18,104.458655220623,-13.2352572673416,0.220946,14.7405,15.701,0.109,15.227,0.252,13.868,0.042,13.743,0.06,13.671,0.054,15.1713,0.000568,15.5018,0.003465,14.6381,0.003103,13.211,0.029,13.303,0.033,12.423,,8.797,,Berkeley_33,234.4228815319917,Cantat-Gaudin2020,7886.0,3.04037,1.88
147255040,2.9495204506782587e+18,104.477292147392,-13.2329813494114,0.117272,12.6576,15.575,0.183,14.102,0.08,11.268,0.027,10.638,0.022,10.432,0.026,13.5898,0.000354,14.4832,0.00202,12.656,0.00123,10.245,0.023,10.272,0.02,10.091,0.058,8.969,0.503,Berkeley_33,234.4228815319917,Cantat-Gaudin2020,5281.81,27.2338,
147255041,2.9495206911964426e+18,104.443232492187,-13.2328310153079,0.167139,16.4917,15.008,0.09,17.1097,0.046,15.756,0.069,15.575,0.113,15.374,0.181,16.944,0.001044,17.294,0.006306,16.3889,0.006329,,,,,,,,,Berkeley_33,234.4228815319917,Cantat-Gaudin2020,7848.0,1.5954,1.87
147255045,2.949520824337834e+18,104.487914344977,-13.2323895559797,0.2062,16.4541,17.359,0.122,17.1772,0.0462,15.567,0.057,15.271,0.091,15.221,0.172,16.9747,0.001064,17.3778,0.012979,16.3641,0.008776,15.142,0.044,15.528,0.129,12.741,,9.081,,Berkeley_33,234.4228815319917,Cantat-Gaudin2020,6968.0,1.57505,1.53
147255049,2.9495206911964416e+18,104.443829747607,-13.2317409072959,0.210262,14.4385,15.526,0.073,14.995,0.206,13.625,0.036,13.469,0.044,13.443,0.045,14.8771,0.000436,15.2218,0.003192,14.3427,0.001563,13.079,0.025,13.11,0.031,12.129,,8.953,,Berkeley_33,234.4228815319917,Cantat-Gaudin2020,7886.0,3.69334,1.88
147255050,2.949520656836694e+18,104.465807624115,-13.2317544806797,0.119162,12.895,15.891,0.055,14.377,0.092,11.448,0.026,10.831,0.022,10.636,0.021,13.8488,0.000343,14.7741,0.00215,12.8999,0.001457,10.437,0.023,10.477,0.02,10.397,0.075,9.147,,Berkeley_33,234.4228815319917,Cantat-Gaudin2020,5008.0,27.3359,
147255052,2.9495205881172285e+18,104.437272260318,-13.2314130788034,-0.00176607,15.2399,16.475,0.019,15.737,0.103,14.402,0.029,14.196,0.031,14.089,0.063,15.6564,0.000612,16.0023,0.003569,15.1174,0.002329,14.027,0.03,14.044,0.045,12.801,,9.129,,Berkeley_33,234.4228815319917,Cantat-Gaudin2020,9520.0,5.26303,
147255054,2.9495206568366884e+18,104.475012315429,-13.2308944725233,0.0687404,15.4804,14.016,0.077,16.0993,0.0459,14.671,0.047,14.457,0.058,14.325,0.084,15.9289,0.000799,16.2901,0.003142,15.3703,0.003903,,,,,,,,,Berkeley_33,234.4228815319917,Cantat-Gaudin2020,8493.0,3.85004,2.11
147255055,2.949520622470991e+18,104.459091419145,-13.2307983591375,0.230358,16.8442,17.831,0.13,17.5606,0.0464,15.615,0.068,15.172,0.089,15.03,0.137,17.3611,0.001421,17.7237,0.010938,16.7185,0.016361,,,,,,,,,Berkeley_33,234.4228815319917,Cantat-Gaudin2020,6913.0,,
147255061,2.949520686898893e+18,104.443885998575,-13.229424773038,0.264492,17.0804,18.239,0.144,17.9684,0.0464,15.978,0.092,15.928,0.225,15.548,0.225,17.6973,0.001588,18.2104,0.013882,17.0203,0.008426,,,,,,,,,Berkeley_33,234.4228815319917,Cantat-Gaudin2020,5899.0,1.17013,1.07
147255064,2.949520686898917e+18,104.457190632361,-13.2289303959795,0.100698,17.1414,16.319,0.185,17.85,0.0465,16.069,0.162,15.822,0.205,14.508,,17.6508,0.001798,18.0087,0.012519,17.0043,0.017494,,,,,,,,,Berkeley_33,234.4228815319917,Cantat-Gaudin2020,7426.0,1.32813,1.7
147255072,2.9495206525391647e+18,104.464843357278,-13.2278514735179,0.131394,16.268,,,16.8533,0.0459,15.529,0.051,15.501,0.104,15.278,0.187,16.6984,0.000872,17.0458,0.007189,16.1749,0.005375,,,,,,,,,Berkeley_33,234.4228815319917,Cantat-Gaudin2020,8113.0,1.95094,1.97
147255073,2.9495207255502e+18,104.458984459504,-13.2278403051718,0.119912,12.4346,14.682,0.0,13.733,0.114,11.103,0.026,10.503,0.022,10.295,0.021,13.2803,0.000295,14.0538,0.001387,12.4082,0.001108,10.139,0.023,10.163,0.02,10.24,0.067,9.288,,Berkeley_33,234.4228815319917,Cantat-Gaudin2020,5604.0,27.0013,
147255075,2.94952069119644e+18,104.445928550244,-13.2275962402968,0.22809,15.72,17.001,0.115,16.437,1.133,14.96,0.036,14.733,0.065,14.634,0.1,16.1674,0.000761,16.5132,0.003376,15.627,0.002573,14.542,0.031,14.719,0.066,12.591,,9.123,,Berkeley_33,234.4228815319917,Cantat-Gaudin2020,7577.0,1.90222,1.76
147255079,2.949520656836686e+18,104.475904018322,-13.2267619873042,0.240144,14.9873,16.439,0.114,15.628,0.115,14.177,0.032,13.993,0.033,13.882,0.054,15.4605,0.000644,15.8327,0.00343,14.9057,0.002185,13.676,0.025,13.768,0.033,12.661,,9.051,0.458,Berkeley_33,234.4228815319917,Cantat-Gaudin2020,7243.0,2.6725,1.63
147255080,2.949520725556172e+18,104.456560862476,-13.2266640110311,0.0727496,14.2063,14.509,0.213,14.692,0.058,13.415,0.039,13.276,0.048,13.16,0.045,14.5785,0.000354,14.8904,0.001763,14.0772,0.00193,,,,,,,,,Berkeley_33,234.4228815319917,Cantat-Gaudin2020,10214.0,7.12337,
147255087,2.949520656836688e+18,104.469918781232,-13.2255197815103,0.072629,15.9117,16.402,0.117,16.639,0.15,14.951,0.05,14.748,0.066,14.698,,16.4176,0.000726,16.8274,0.005657,15.8117,0.0055,,,,,,,,,Berkeley_33,234.4228815319917,Cantat-Gaudin2020,7968.0,3.18271,1.92
147255088,2.9495206525397985e+18,104.473232899445,-13.2255483742249,0.168696,16.5368,17.286,0.11,17.3199,0.0464,14.754,,15.034,0.109,14.284,,17.0915,0.001003,17.5143,0.016804,16.4306,0.008579,,,,,,,,,Berkeley_33,234.4228815319917,Cantat-Gaudin2020,7052.0,1.77176,1.56
147255090,2.9495206568366863e+18,104.472796346166,-13.2250522214458,0.157766,16.3493,17.19,0.128,17.1392,0.0467,15.213,0.066,14.498,,14.909,0.128,16.9078,0.00109,17.287,0.007809,16.1955,0.021806,14.103,0.031,14.246,0.045,12.232,,8.779,,Berkeley_33,234.4228815319917,Cantat-Gaudin2020,7067.0,,
147255097,2.949520725556168e+18,104.458732300186,-13.2229323051549,0.102196,14.815,15.992,0.113,15.435,0.092,14.003,0.029,13.78,0.022,13.602,0.048,15.231,0.00054,15.5692,0.00181,14.7025,0.002014,13.464,0.025,13.474,0.031,12.52,,9.146,,Berkeley_33,234.4228815319917,Cantat-Gaudin2020,8875.0,4.9,2.23
147255102,2.9495206568366863e+18,104.46803413137,-13.2212263282478,0.178517,16.9298,17.963,0.146,17.7228,0.0463,16.147,0.097,15.448,0.111,15.339,0.196,17.4905,0.001381,17.9374,0.008567,16.8437,0.012979,,,,,,,,,Berkeley_33,234.4228815319917,Cantat-Gaudin2020,6980.0,1.41934,1.53
147255103,2.9495207212586803e+18,104.456275764149,-13.2209641450056,0.0328849,15.8032,16.888,0.113,16.308,1.133,14.925,0.032,14.644,0.056,14.475,0.076,16.3077,0.000678,16.7264,0.004698,15.7005,0.00289,14.233,0.029,14.399,0.045,12.565,,8.965,,Berkeley_33,234.4228815319917,Cantat-Gaudin2020,8336.0,3.91038,2.06
147255105,2.9495207255561646e+18,104.461410579697,-13.2202540897962,0.119628,13.5264,14.629,0.096,14.137,0.08,13.06,0.023,12.911,0.022,12.831,0.021,13.8926,0.008312,14.1902,0.020713,13.4033,0.030425,12.024,0.024,11.677,0.022,10.776,0.1,8.689,,Berkeley_33,234.4228815319917,Cantat-Gaudin2020,9592.0,7.87356,
147255112,2.9495207255561667e+18,104.456033579045,-13.2189362467113,0.0818763,15.7874,16.494,0.113,16.461,0.161,15.09,0.043,14.837,0.058,14.652,0.095,16.2043,0.0008,16.5418,0.003452,15.6736,0.003656,,,,,,,,,Berkeley_33,234.4228815319917,Cantat-Gaudin2020,8862.0,3.02322,2.23
147255119,2.949532476586691e+18,104.449339508725,-13.217262276853,0.179872,14.2431,15.178,0.134,14.847,0.126,13.43,0.03,13.249,0.029,13.176,0.033,14.6815,0.000433,15.0074,0.00254,14.125,0.002141,12.865,0.024,12.912,0.028,12.571,0.524,9.025,,Berkeley_33,234.4228815319917,Cantat-Gaudin2020,7990.0,4.58082,1.93
147255125,2.949532476586692e+18,104.44800631566,-13.2163738396877,0.0769448,15.5847,14.334,0.08,16.244,1.133,14.802,0.044,14.588,0.061,14.406,0.083,16.0136,0.000803,16.3575,0.003858,15.4699,0.002831,,,,,,,,,Berkeley_33,234.4228815319917,Cantat-Gaudin2020,8715.0,3.43795,2.18
147255126,2.949521034793803e+18,104.473479405307,-13.2160681536887,0.130793,12.6241,16.05,0.177,14.119,0.114,11.189,0.023,10.543,0.022,10.345,0.019,13.5791,0.000325,14.506,0.001509,12.6266,0.000645,10.185,0.024,10.21,0.021,10.183,0.058,9.104,,Berkeley_33,234.4228815319917,Cantat-Gaudin2020,4942.0,29.3372,
147255128,2.949520725556161e+18,104.464191004097,-13.2159048058398,0.242062,14.8504,15.771,0.008,15.599,0.058,14.041,0.039,13.829,0.041,13.677,0.059,15.3237,0.000518,15.6875,0.002675,14.7607,0.001733,,,,,,,,,Berkeley_33,234.4228815319917,Cantat-Gaudin2020,7222.0,2.83274,1.62
147255129,2.9495207255561646e+18,104.455734923635,-13.2158963963723,0.169276,15.5296,16.572,0.115,16.295,0.15,14.703,0.037,14.473,0.052,14.421,,15.9821,0.000694,16.3379,0.004312,15.4316,0.004924,14.165,0.027,14.456,0.053,12.658,,8.855,,Berkeley_33,234.4228815319917,Cantat-Gaudin2020,7875.0,2.60592,1.88
147255130,2.949520725556166e+18,104.451938750351,-13.215264172089,0.225179,16.7256,17.209,0.147,17.3963,0.0461,15.715,0.101,15.647,0.15,15.366,0.192,17.2138,0.001089,17.601,0.010165,16.6448,0.006479,,,,,,,,,Berkeley_33,234.4228815319917,Cantat-Gaudin2020,7220.0,1.25302,1.62
147255131,2.9495211035132805e+18,104.470257415063,-13.2152671341569,0.154045,12.9735,15.765,0.184,14.432,0.114,11.525,0.026,10.925,0.023,10.699,0.021,13.8931,0.000319,14.7733,0.001618,12.9642,0.001227,10.461,0.022,10.499,0.02,10.407,0.074,9.153,,Berkeley_33,234.4228815319917,Cantat-Gaudin2020,4944.0,21.0956,
147255146,2.949532476586689e+18,104.444944044627,-13.2120050567047,0.168363,13.9418,17.356,0.176,15.572,0.08,12.446,0.023,11.804,0.022,11.605,0.023,14.9034,0.000396,15.845,0.001955,13.9366,0.001499,11.486,0.023,11.47,0.021,11.704,0.209,9.074,0.525,Berkeley_33,234.4228815319917,Cantat-Gaudin2020,4679.0,13.6147,
147255150,2.949532506648971e+18,104.428002640751,-13.2112493712633,0.0688666,17.4057,17.185,0.166,18.1844,0.0467,16.472,0.134,15.11,,14.847,,17.9573,0.001718,18.3974,0.019855,17.3172,0.009506,,,,,,,,,Berkeley_33,234.4228815319917,Cantat-Gaudin2020,7155.0,1.21734,1.6
147255178,2.949532472289751e+18,104.451515166661,-13.2052256030223,0.0977487,17.1538,17.766,0.019,16.885,0.213,16.224,0.095,16.21,0.205,15.148,,17.7235,0.001538,18.1929,0.014767,17.081,0.006899,,,,,,,,,Berkeley_33,234.4228815319917,Cantat-Gaudin2020,6991.0,1.4722,1.54
147255179,2.9495324765806925e+18,104.448750816493,-13.2051020236843,0.0364245,15.7681,17.075,0.198,16.271,1.133,14.892,0.047,14.643,0.039,14.432,0.079,16.2402,0.000787,16.6156,0.004193,15.6568,0.003945,14.519,0.039,14.749,0.062,12.719,,8.897,,Berkeley_33,234.4228815319917,Cantat-Gaudin2020,8258.0,3.3328,2.03
147255182,2.9495325109464315e+18,104.429522439647,-13.2049051815923,0.182648,12.436,15.511,0.105,13.874,0.137,11.026,0.027,10.37,0.022,10.176,0.024,13.3761,0.00032,14.2885,0.001913,12.4337,0.0011,10.02,0.023,10.053,0.021,9.94,0.051,8.502,,Berkeley_33,234.4228815319917,Cantat-Gaudin2020,5113.81,21.4563,
147255188,2.949532854543801e+18,104.45712855825,-13.2031947090444,0.154477,15.6805,16.793,0.116,16.439,0.138,14.8,0.039,14.582,0.063,14.604,0.099,16.1538,0.000882,16.5342,0.005508,15.592,0.003358,14.355,0.028,14.654,0.058,12.77,,9.091,,Berkeley_33,234.4228815319917,Cantat-Gaudin2020,7715.0,2.61448,1.82
147255191,2.94952113786697e+18,104.485509222229,-13.202724574634,0.174673,15.4688,16.606,0.115,16.27,0.149,14.538,0.034,14.292,0.039,14.216,0.078,15.9903,0.000762,16.3391,0.00437,15.3134,0.004578,14.2,0.033,14.376,0.055,12.368,,9.173,,Berkeley_33,234.4228815319917,Cantat-Gaudin2020,7334.0,2.89337,1.66
147255198,2.949532850246404e+18,104.454177414343,-13.2018717914186,0.249375,17.1321,17.641,0.14,17.9738,0.0468,15.955,0.088,15.61,0.123,14.638,,17.7232,0.001535,18.1405,0.018002,17.0002,0.013654,,,,,,,,,Berkeley_33,234.4228815319917,Cantat-Gaudin2020,6202.0,1.12235,1.19
147255203,2.9495328545377987e+18,104.452761643285,-13.200643291887,0.0816179,16.0528,15.419,0.113,16.7005,0.0459,15.174,0.073,14.991,0.106,14.805,0.128,16.5203,0.000763,16.8989,0.006085,15.9495,0.003566,14.338,0.032,14.514,0.057,12.825,,9.121,,Berkeley_33,234.4228815319917,Cantat-Gaudin2020,8244.0,2.75357,2.02
147255207,2.9495328545438003e+18,104.45358631941,-13.1995485526414,0.0396986,16.6498,15.334,0.102,17.2812,0.0459,15.801,0.077,15.528,0.134,14.938,,17.1065,0.001005,17.4757,0.006958,16.5429,0.004218,,,,,,,,,Berkeley_33,234.4228815319917,Cantat-Gaudin2020,8392.0,2.10353,2.08
147255208,2.9495328545437983e+18,104.456386730589,-13.1994526479463,0.177499,15.4453,16.109,0.117,16.204,0.037,14.612,0.05,14.41,0.072,14.389,0.102,15.919,0.000669,16.3017,0.005188,15.3593,0.002725,13.749,0.027,13.864,0.035,12.625,,9.118,0.54,Berkeley_33,234.4228815319917,Cantat-Gaudin2020,7699.0,2.7162,1.81
147255209,2.949521137873004e+18,104.484342831296,-13.1993624043477,0.159149,14.3805,16.1,0.112,15.187,0.035,13.484,0.024,13.256,0.022,13.11,0.03,14.9397,0.000383,15.3956,0.001373,14.3012,0.001748,13.1,0.025,13.139,0.03,11.603,0.186,8.921,,Berkeley_33,234.4228815319917,Cantat-Gaudin2020,7121.0,5.5722,
147255216,2.949532541008762e+18,104.433442797279,-13.1981458994511,0.167604,16.845,17.75,0.135,17.5378,0.0461,16.008,0.08,15.973,0.184,15.355,,17.345,0.001464,17.7601,0.01109,16.774,0.008914,15.599,0.051,16.106,0.211,12.483,,9.151,,Berkeley_33,234.4228815319917,Cantat-Gaudin2020,7432.0,1.38448,1.7
147255252,2.9495327514645893e+18,104.433520817408,-13.1901076051163,0.124824,16.2486,17.018,0.119,16.8246,0.046,15.471,0.054,15.287,0.089,15.19,0.15,16.6693,0.001032,17.0198,0.009137,16.1478,0.004503,15.267,0.036,15.81,0.139,12.634,,9.22,,Berkeley_33,234.4228815319917,Cantat-Gaudin2020,8729.0,2.03037,2.19
147255280,2.9495331251243494e+18,104.427833625335,-13.1825165266029,-0.0415159,16.6103,17.317,0.126,17.2723,0.046,15.776,0.068,15.558,0.1,15.473,0.201,17.0828,0.001,17.4887,0.00679,16.5122,0.004427,15.135,0.041,15.422,0.112,12.42,,8.627,,Berkeley_33,234.4228815319917,Cantat-Gaudin2020,8796.0,2.71461,2.21
147255303,2.949532957623001e+18,104.460223519819,-13.1751844275305,0.132012,12.3352,16.288,0.047,14.205,0.114,10.62,0.024,9.774,0.022,9.526,0.019,13.434,0.000324,14.5824,0.003028,12.3723,0.001219,9.349,0.023,9.416,0.02,9.278,0.034,8.598,0.335,Berkeley_33,234.4228815319917,Cantat-Gaudin2020,4537.12,39.6886,
147255326,2.9495332668606444e+18,104.456444509109,-13.1673263411808,0.168899,15.6216,17.128,0.146,16.373,0.237,14.742,0.041,14.568,0.039,14.364,0.076,16.108,0.000725,16.5073,0.003343,15.5305,0.003329,14.343,0.032,14.355,0.053,12.675,,8.746,,Berkeley_33,234.4228815319917,Cantat-Gaudin2020,7965.0,2.62671,1.92
147255379,2.949533301214278e+18,104.469009968546,-13.1473974518413,0.192752,16.4705,15.69,0.132,17.1102,0.046,15.668,0.104,15.334,0.143,14.468,,16.9358,0.000901,17.3115,0.007462,16.3795,0.006198,,,,,,,,,Berkeley_33,234.4228815319917,Cantat-Gaudin2020,7879.0,1.53389,1.88
147255398,2.949533365639679e+18,104.456100481266,-13.1427368960879,0.0968013,16.4519,16.282,0.117,17.0325,0.0459,15.592,0.068,15.604,0.134,15.33,0.178,16.8753,0.000914,17.23,0.006976,16.3517,0.003715,,,,,,,,,Berkeley_33,234.4228815319917,Cantat-Gaudin2020,8762.0,2.04105,2.2
147255447,2.949534125854086e+18,104.449341151325,-13.1286767471305,0.121331,12.1601,15.338,0.178,13.679,0.114,10.566,0.024,9.828,0.024,9.588,0.021,13.0919,0.000305,13.9751,0.001607,12.15,0.000852,9.42,0.022,9.489,0.019,9.367,0.033,8.983,0.511,Berkeley_33,234.4228815319917,Cantat-Gaudin2020,5156.0,36.7285,
747958222,2.949520622470991e+18,104.459091419145,-13.2307983591375,0.230358,16.8442,,,17.5606,0.0464,,,,,,,17.3611,0.001421,17.7237,0.010938,16.7185,0.016361,,,,,,,,,Berkeley_33,234.4228815319917,Cantat-Gaudin2020,6913.0,,
747958241,2.9495206568307195e+18,104.467106761182,-13.2317939446176,0.162555,16.1948,,,16.9862,0.0461,,,,,,,16.7542,0.001051,17.2003,0.009587,16.1073,0.004877,,,,,,,,,Berkeley_33,234.4228815319917,Cantat-Gaudin2020,7055.0,2.16312,1.56
747958244,2.9495206568366863e+18,104.472796346166,-13.2250522214458,0.157766,16.3493,,,17.1392,0.0467,,,,,,,16.9078,0.00109,17.287,0.007809,16.1955,0.021806,,,,,,,,,Berkeley_33,234.4228815319917,Cantat-Gaudin2020,7067.0,,
147255044,2.9495207599158927e+18,104.500635920708,-13.2324546533892,0.133001,14.0636,15.195,0.12,14.697,0.15,13.193,0.049,12.968,0.061,12.538,,14.5606,0.000395,14.9632,0.001472,13.9632,0.001364,12.337,0.025,12.37,0.025,12.124,0.277,8.553,,Berkeley_33,234.4228815319917,Cantat-Gaudin2020,8030.0,6.75632,
147255066,2.949520137143084e+18,104.524552352394,-13.2289887520196,0.319606,16.8983,16.906,0.124,17.6411,0.0462,16.055,0.076,15.78,0.159,15.511,0.199,17.431,0.001553,17.8595,0.012871,16.825,0.004278,,,,,,,,,Berkeley_33,234.4228815319917,Cantat-Gaudin2020,6829.0,0.956044,1.47
147255172,2.949520966074305e+18,104.516062869224,-13.2060486148257,0.235994,16.5555,16.957,0.125,17.1647,0.0461,15.781,0.072,15.884,0.173,15.334,0.197,17.0046,0.001063,17.3581,0.012359,16.4707,0.006536,,,,,,,,,Berkeley_33,234.4228815319917,Cantat-Gaudin2020,7510.0,1.24805,1.73
147255192,2.949521172232739e+18,104.50451365118,-13.2027100871451,0.152574,15.1023,16.061,0.112,15.626,0.16,14.258,0.03,14.119,0.039,14.013,0.07,15.5473,0.000588,15.9094,0.003342,14.9999,0.002671,13.649,0.027,13.643,0.036,12.149,,8.741,,Berkeley_33,234.4228815319917,Cantat-Gaudin2020,8386.0,3.4626,2.07
147255234,2.9495211679353743e+18,104.501181260756,-13.194890687535,0.026001,16.9271,18.12,0.134,17.6953,0.0461,15.972,0.075,15.624,0.114,15.449,,17.4699,0.001278,17.9248,0.009901,16.8492,0.008313,,,,,,,,,Berkeley_33,234.4228815319917,Cantat-Gaudin2020,7580.0,1.91098,1.76
177277068,3.0457703241847644e+18,106.526994422533,-11.7345479290194,0.27791,15.7553,17.268,0.112,16.32,1.133,14.81,0.045,14.506,0.055,14.407,0.117,16.3171,0.002034,16.7655,0.009279,15.6631,0.003543,,,,,,,,,Berkeley_76,1659.5869074375632,Cantat-Gaudin2020,7223.0,1.86284,1.62
124095694,3.04906713678035e+18,103.901141575987,-11.057207871735,0.381465,14.2498,15.741,0.112,14.797,0.057,13.469,0.022,13.318,0.024,13.169,0.035,14.6673,0.000445,14.9988,0.002231,14.1537,0.00403,13.043,0.024,13.094,0.028,12.107,,8.664,,FSR_1172,112.20184543019651,Cantat-Gaudin2020,8108.0,2.32338,1.97
124095771,3.049067931352849e+18,103.870825019048,-11.0480877768705,0.346344,15.1134,16.797,0.112,16.072,0.08,14.2,0.024,13.899,0.042,13.802,0.047,15.6617,0.000679,16.1156,0.002718,15.0453,0.002513,13.786,0.028,13.898,0.039,12.277,,8.528,,FSR_1172,112.20184543019651,Cantat-Gaudin2020,7029.0,2.04027,1.55
124095811,3.0490675147356293e+18,103.905286971,-11.0400719264671,0.451177,12.5255,13.698,0.064,13.029,0.137,11.713,0.022,11.53,0.022,11.386,0.021,12.9534,0.00033,13.2938,0.002068,12.4336,0.003059,11.298,0.022,11.314,0.021,11.404,0.17,8.564,,FSR_1172,112.20184543019651,Cantat-Gaudin2020,7951.0,4.44652,1.91
124095815,3.0490675190359654e+18,103.908981242054,-11.0398664825687,0.368113,14.613,16.411,0.112,15.185,0.057,13.733,0.024,13.409,0.043,13.384,0.035,15.1317,0.000637,15.5584,0.003712,14.5369,0.002812,13.233,0.038,13.28,0.044,12.267,,8.941,,FSR_1172,112.20184543019651,Cantat-Gaudin2020,7376.0,2.32377,1.68
124095831,3.0490675533956946e+18,103.924454256217,-11.0368371808218,0.448363,14.8838,16.515,0.102,15.558,0.195,13.961,0.027,13.628,0.035,13.48,0.045,15.4441,0.000791,15.9056,0.003622,14.8136,0.002967,13.375,0.025,13.401,0.032,12.001,,8.962,,FSR_1172,112.20184543019651,Cantat-Gaudin2020,6950.0,1.8171,1.52
124095867,3.049067553395697e+18,103.915777448371,-11.0333231203338,0.380818,13.1779,14.63,0.112,13.643,0.16,12.42,0.024,12.201,0.024,12.112,0.026,13.5826,0.000276,13.9067,0.001835,13.0805,0.001311,12.018,0.023,12.004,0.024,11.876,0.286,9.161,,FSR_1172,112.20184543019651,Cantat-Gaudin2020,8286.0,3.7586,2.04
124095901,3.049067622115173e+18,103.910935617911,-11.0281725851368,0.287537,16.2806,18.653,0.11,17.4936,0.047,15.133,0.035,14.577,0.06,14.613,0.093,17.0643,0.001254,17.7656,0.019127,16.2436,0.004026,,,,,,,,,FSR_1172,112.20184543019651,Cantat-Gaudin2020,5670.0,2.06509,1.01
124095971,3.0490683780294185e+18,103.893600218572,-11.016483975352,0.442998,13.5899,,,14.299,0.195,12.753,0.029,12.501,0.028,12.432,0.029,14.0643,0.000348,14.4397,0.002138,13.5033,0.003171,12.287,0.033,12.289,0.035,12.178,0.371,8.952,,FSR_1172,112.20184543019651,Cantat-Gaudin2020,7465.0,2.93561,1.71
124242895,3.049073291471968e+18,103.98072508775,-11.0267318576962,0.339061,14.5643,15.926,0.053,15.132,0.309,13.674,0.029,13.487,0.032,13.262,0.034,15.0565,0.000548,15.4533,0.002884,14.4831,0.001046,13.24,0.026,13.262,0.03,12.507,,8.422,,FSR_1172,112.20184543019651,Cantat-Gaudin2020,7418.0,2.46708,1.7
752493162,3.04906837802484e+18,103.891754481133,-11.0171865932758,0.419648,15.11,,,,,,,,,,,15.54,0.00142,,0.0,,0.0,,,,,,,,,FSR_1172,112.20184543019651,Cantat-Gaudin2020,,,
147255196,2.949532854543795e+18,104.465823344479,-13.2018869431328,0.540607,14.782,16.159,0.123,15.772,0.115,13.783,0.054,13.417,0.074,13.168,0.049,15.4337,0.000495,15.982,0.004473,14.7185,0.001863,,,,,,,,,Gulliver_13,1000.0,Cantat-Gaudin2020,5382.0,1.96101,0.93
147261946,2.94954687331768e+18,104.617082275584,-13.108589398385,0.591496,14.1697,15.725,0.062,14.852,0.103,13.357,0.026,13.069,0.027,13.009,0.028,14.6959,0.000858,15.1176,0.00407,14.0986,0.001064,12.934,0.024,12.954,0.029,12.449,,8.606,,Gulliver_13,1000.0,Cantat-Gaudin2020,6708.0,1.85061,1.42
147261963,2.949523405615652e+18,104.609093114066,-13.1143024993418,0.65116,13.9032,15.334,0.068,14.545,0.126,13.067,0.023,12.859,0.026,12.715,0.031,14.4072,0.00043,14.8037,0.002916,13.8269,0.001444,12.627,0.024,12.666,0.027,12.383,0.409,8.604,,Gulliver_13,1000.0,Cantat-Gaudin2020,6800.0,1.84412,1.46
147262512,2.9495156059559127e+18,104.597847494561,-13.3232933192157,0.650931,15.0418,16.987,0.095,16.342,0.309,14.018,0.03,13.645,0.035,13.5,0.042,15.7082,0.000884,16.2877,0.010963,14.9993,0.002937,13.46,0.026,13.453,0.031,11.95,,9.229,,Gulliver_13,1000.0,Cantat-Gaudin2020,5914.0,1.42559,1.08
147374021,2.949467021286192e+18,104.740207078466,-13.4137608570752,0.579368,15.7053,17.797,0.117,16.984,0.0463,14.612,0.046,14.193,0.06,13.824,0.051,16.5202,0.000758,17.2583,0.009938,15.6729,0.004136,13.642,0.024,13.602,0.032,12.538,,9.004,,Gulliver_13,1000.0,Cantat-Gaudin2020,5527.0,1.50385,0.97
147374433,2.949469456528667e+18,104.79645056683,-13.3142847843021,0.65248,11.5726,14.611,0.016,12.979,0.08,10.223,0.023,9.612,0.027,9.398,0.023,12.486,0.0003,13.377,0.002032,11.566,0.001334,9.236,0.022,9.29,0.02,9.154,0.035,8.491,,Gulliver_13,1000.0,Cantat-Gaudin2020,4704.0,11.351,
147374526,2.949470388540122e+18,104.777777093753,-13.2937358064762,0.660498,14.7965,17.028,0.07,15.829,0.298,13.722,0.026,13.437,0.035,13.248,0.043,15.5073,0.000648,16.1241,0.0038,14.7473,0.002979,13.196,0.023,13.203,0.032,12.393,,9.088,,Gulliver_13,1000.0,Cantat-Gaudin2020,5783.0,1.68862,1.04
147374583,2.949517152144066e+18,104.701343015662,-13.2769795106006,0.68913,14.5034,16.527,0.148,15.374,0.183,13.516,0.024,13.201,0.027,13.079,0.04,15.1944,0.000516,15.7918,0.002873,14.4529,0.001738,12.855,0.024,12.873,0.031,12.273,0.405,8.643,,Gulliver_13,1000.0,Cantat-Gaudin2020,6242.0,1.75359,1.21
147374586,2.9494704228998467e+18,104.780848611449,-13.2763735764877,0.690448,14.6577,16.381,0.078,15.698,0.263,13.713,0.024,13.309,0.029,13.168,0.034,15.3394,0.000559,15.9236,0.002974,14.6048,0.002169,12.92,0.023,12.944,0.027,12.445,,9.131,,Gulliver_13,1000.0,Cantat-Gaudin2020,5964.0,1.63154,1.09
147374651,2.9494706977777444e+18,104.774654925517,-13.2578556787915,0.630278,11.717,14.354,0.04,12.952,0.08,10.496,0.023,9.924,0.025,9.747,0.021,12.5248,0.000288,13.2984,0.001282,11.6789,0.001391,9.61,0.022,9.666,0.021,9.593,0.044,8.579,,Gulliver_13,1000.0,Cantat-Gaudin2020,4509.0,9.64892,
147375076,2.9495420285945103e+18,104.788185642123,-13.1640215939826,0.628118,15.9701,17.706,0.121,16.568,1.133,15.058,0.051,14.52,0.06,14.457,0.089,16.6544,0.001005,17.2594,0.012811,15.9324,0.004992,14.253,0.029,14.249,0.047,12.492,,9.039,,Gulliver_13,1000.0,Cantat-Gaudin2020,5449.0,1.03024,0.95
147375341,2.949544708654044e+18,104.79266149196,-13.0969415010729,0.539246,15.3044,17.205,0.193,16.036,0.16,14.452,0.033,14.069,0.042,14.016,0.056,15.9244,0.000965,16.4558,0.010634,15.2595,0.00377,13.853,0.027,13.888,0.041,12.43,0.395,9.18,,Gulliver_13,1000.0,Cantat-Gaudin2020,5879.0,1.41983,1.07
147375704,2.949548591303764e+18,104.771443935007,-13.0157382324206,0.656542,15.3153,17.117,0.113,16.299,0.149,14.402,0.026,14.013,0.027,14.005,0.057,15.9174,0.000651,16.4195,0.009416,15.2587,0.002766,13.822,0.027,13.895,0.04,12.745,,8.968,,Gulliver_13,1000.0,Cantat-Gaudin2020,5904.0,1.13867,1.07
147375785,2.9495493815777336e+18,104.780057209689,-12.9998512321718,0.632481,14.6287,16.182,0.046,15.456,0.115,13.782,0.028,13.492,0.029,13.356,0.044,15.1894,0.000494,15.6425,0.003105,14.5623,0.001903,13.233,0.025,13.278,0.031,12.36,,8.986,,Gulliver_13,1000.0,Cantat-Gaudin2020,6240.0,1.49281,1.21
147426375,2.949545017891645e+18,104.840362327945,-13.0789609066306,0.544953,15.3683,17.207,0.258,16.445,1.133,14.334,0.032,13.839,0.033,13.729,0.051,16.0696,0.000951,16.6778,0.011478,15.3155,0.003767,13.645,0.025,13.619,0.034,12.153,,8.952,,Gulliver_13,1000.0,Cantat-Gaudin2020,5362.0,1.60526,0.93
147426377,2.949544227617644e+18,104.870983413116,-13.0796767777731,0.467021,13.3458,14.827,0.049,14.157,0.183,12.494,0.023,12.221,0.022,12.101,0.019,13.8737,0.000425,14.2998,0.002096,13.2806,0.000848,12.013,0.023,12.007,0.022,11.837,0.26,8.957,,Gulliver_13,1000.0,Cantat-Gaudin2020,6539.0,3.3949,1.35
147426458,2.9495445368553364e+18,104.834529328889,-13.1073546304665,0.639388,16.7843,19.128,0.126,18.0053,0.0465,15.759,0.068,15.186,0.074,15.075,0.15,17.5673,0.00162,18.2892,0.012754,16.751,0.006846,14.44,0.028,14.273,0.048,11.602,0.168,9.105,,Gulliver_13,1000.0,Cantat-Gaudin2020,4939.0,0.872202,0.81
147426560,2.949543574782698e+18,104.83344336469,-13.1494569566634,0.672498,15.588,17.138,0.032,16.464,1.133,14.143,,13.626,,13.978,0.082,16.2945,0.000953,16.9136,0.003403,15.5401,0.002209,,,,,,,,,Gulliver_13,1000.0,Cantat-Gaudin2020,5327.0,1.20041,0.92
147426610,2.949541959875029e+18,104.801631293202,-13.1695139769283,0.676252,15.0511,16.862,0.044,15.623,0.149,14.106,0.032,13.765,0.039,13.673,0.055,15.6789,0.000666,16.204,0.004708,14.9922,0.002039,13.546,0.027,13.605,0.037,12.428,0.408,8.356,,Gulliver_13,1000.0,Cantat-Gaudin2020,5827.0,1.29943,1.05
147426619,2.9494963258416143e+18,104.887971024715,-13.1731403702683,0.691068,16.0426,17.673,0.0,16.782,0.06,14.917,0.057,14.622,0.075,14.348,0.087,16.7213,0.001524,17.2721,0.018243,15.9531,0.014272,14.0,0.028,14.074,0.044,12.824,,8.863,,Gulliver_13,1000.0,Cantat-Gaudin2020,5295.0,0.918329,0.91
147426669,2.94954168499713e+18,104.823803409759,-13.194994125309,0.716657,12.3741,13.739,0.025,13.039,0.092,11.592,0.024,11.362,0.025,11.22,0.023,12.8648,0.000523,13.2575,0.001942,12.3091,0.001304,11.124,0.022,11.125,0.02,11.115,0.159,9.226,,Gulliver_13,1000.0,Cantat-Gaudin2020,6704.0,3.34108,1.42
147426679,2.9494947839542487e+18,104.844669308752,-13.2006746219423,0.482449,16.1578,,,17.2924,0.0467,15.056,0.054,14.48,0.073,14.406,0.099,16.9013,0.00101,17.5535,0.015937,16.1046,0.005204,,,,,,,,,Gulliver_13,1000.0,Cantat-Gaudin2020,5241.0,1.36242,0.9
147426681,2.949494749594524e+18,104.825816119822,-13.2022704746531,0.676167,11.864,12.414,0.438,12.18,0.034,11.121,0.022,10.957,0.022,10.853,0.019,12.2881,0.000706,12.6242,0.00304,11.7961,0.00207,10.843,0.022,10.848,0.019,10.857,0.11,8.687,,Gulliver_13,1000.0,Cantat-Gaudin2020,7186.0,4.04879,1.61
147426684,2.949494715234788e+18,104.822496815392,-13.2026391035191,0.622034,13.2745,14.364,0.111,13.832,0.16,12.544,0.024,12.356,0.025,12.224,0.029,13.7189,0.000319,14.0675,0.003144,13.2026,0.00182,12.087,0.041,12.113,0.041,12.129,0.455,9.032,,Gulliver_13,1000.0,Cantat-Gaudin2020,7057.0,2.35529,1.56
147426695,2.949494680875036e+18,104.85058922327,-13.2075308655236,0.552873,14.3026,15.758,0.03,14.952,0.08,13.496,0.027,13.206,0.036,13.091,0.033,14.8163,0.000575,15.2275,0.002991,14.235,0.001399,12.994,0.024,12.98,0.025,11.811,,9.301,,Gulliver_13,1000.0,Cantat-Gaudin2020,6626.0,1.82447,1.39
147426742,2.9494937875218217e+18,104.900643444095,-13.2237026209304,0.631667,14.8256,16.992,-0.076,15.586,0.103,14.028,0.026,13.718,0.025,13.663,0.041,15.3487,0.000679,15.7638,0.003593,14.7587,0.00249,13.637,0.027,13.591,0.035,12.445,,8.558,,Gulliver_13,1000.0,Cantat-Gaudin2020,6198.0,1.29465,1.19
147426773,2.9494944403568963e+18,104.842169259244,-13.2341309006843,0.655852,15.668,17.312,0.0,16.426,1.133,14.624,0.047,14.115,0.048,13.956,0.058,16.3855,0.000801,17.0232,0.004018,15.6246,0.00239,13.731,0.026,13.769,0.038,12.513,,8.875,,Gulliver_13,1000.0,Cantat-Gaudin2020,5197.0,1.22108,0.88
147426824,2.9494934095647114e+18,104.917970869601,-13.2525875435229,0.643869,14.3749,15.693,0.044,15.048,0.046,13.657,0.029,13.398,0.022,13.334,0.043,14.8533,0.000551,15.2249,0.002389,14.3071,0.001305,13.185,0.024,13.171,0.026,12.268,,8.974,,Gulliver_13,1000.0,Cantat-Gaudin2020,6325.0,1.4587,1.25
147426838,2.9494933752049905e+18,104.894210249259,-13.2557689161858,0.651332,14.3994,16.151,0.016,15.334,0.16,13.502,0.027,13.075,0.031,12.962,0.026,15.0014,0.000548,15.5005,0.002641,14.3397,0.001361,12.864,0.025,12.837,0.026,12.443,0.438,8.84,,Gulliver_13,1000.0,Cantat-Gaudin2020,5802.0,1.75383,1.04
147426844,2.949493473985081e+18,104.909577547701,-13.2564330803857,0.563362,11.6105,13.583,0.11,12.674,0.08,10.481,0.024,9.936,0.022,9.814,0.021,12.347,0.000218,13.021,0.001696,11.5707,0.001082,9.687,0.022,9.753,0.018,9.579,0.041,8.56,,Gulliver_13,1000.0,Cantat-Gaudin2020,4854.0,9.76182,
147426849,2.949493233467821e+18,104.844386359347,-13.2587790095498,0.637223,14.9204,16.857,0.113,15.817,0.217,13.909,0.03,13.498,0.025,13.346,0.041,15.5894,0.000917,16.1595,0.00541,14.8625,0.002639,13.292,0.029,13.356,0.037,12.419,,9.119,,Gulliver_13,1000.0,Cantat-Gaudin2020,5435.0,1.60342,0.95
147426876,2.949493169046584e+18,104.870458887836,-13.2652477840029,0.646526,13.7738,15.013,0.051,14.345,0.092,13.032,0.027,12.805,0.027,12.727,0.029,14.2264,0.000294,14.5789,0.000852,13.7042,0.001431,12.624,0.024,12.635,0.025,12.558,0.494,9.063,,Gulliver_13,1000.0,Cantat-Gaudin2020,6792.0,1.82932,1.46
147426893,2.949493169046593e+18,104.858457293145,-13.2706145139707,0.597484,15.6038,15.155,0.143,16.262,0.423,14.651,0.109,14.274,0.045,14.191,0.072,16.2328,0.000901,16.7663,0.00383,15.5519,0.00251,14.081,0.045,14.122,0.058,12.52,,8.24,,Gulliver_13,1000.0,Cantat-Gaudin2020,5749.0,1.14678,1.03
147426915,2.949493096028802e+18,104.836657309637,-13.2764620969505,0.565407,16.0645,17.846,0.119,17.2118,0.0462,14.961,0.047,14.427,0.057,14.344,0.082,16.8131,0.001068,17.4899,0.00874,16.0262,0.004756,14.126,0.088,14.298,0.1,12.482,,8.934,,Gulliver_13,1000.0,Cantat-Gaudin2020,5089.0,1.24784,0.85
147426922,2.949493267826652e+18,104.898006098169,-13.278877075706,0.675017,11.6309,13.99,0.032,12.706,0.092,10.494,0.024,9.957,0.022,9.798,0.023,12.3729,0.000243,13.0546,0.001209,11.5897,0.001397,9.694,0.023,9.764,0.02,9.636,0.041,8.591,,Gulliver_13,1000.0,Cantat-Gaudin2020,4791.0,8.26485,
147427006,2.9494899048714675e+18,104.883153815131,-13.3093141642101,0.583539,16.3261,16.813,0.077,15.927,0.099,14.064,,14.17,0.079,13.952,0.068,17.1742,0.001094,17.9192,0.006472,16.25,0.007113,13.365,0.025,13.49,0.036,12.591,0.473,8.68,,Gulliver_13,1000.0,Cantat-Gaudin2020,4904.0,1.27209,0.8
147427051,2.949489733072789e+18,104.884981857357,-13.3269649635729,0.609653,13.6116,15.032,0.014,14.235,0.217,12.857,0.024,12.597,0.022,12.515,0.026,14.1097,0.000335,14.5112,0.002087,13.5456,0.00128,12.446,0.024,12.438,0.026,12.634,0.537,8.992,,Gulliver_13,1000.0,Cantat-Gaudin2020,6825.0,2.22454,1.47
147427093,2.949466265371521e+18,104.838345039292,-13.3448625787601,0.588861,15.4019,17.293,0.112,16.262,1.133,14.133,0.032,13.706,0.035,13.593,0.045,16.205,0.001074,16.8523,0.018962,15.2907,0.014679,13.308,0.026,13.366,0.034,12.764,,9.043,,Gulliver_13,1000.0,Cantat-Gaudin2020,5549.0,1.66815,0.98
147427097,2.9494662267131607e+18,104.867071983544,-13.3453697635568,0.583636,16.9048,19.911,0.187,18.7581,0.0498,15.345,0.057,14.621,0.06,14.307,0.075,17.9437,0.001809,19.0298,0.025328,16.9046,0.006384,14.11,0.028,14.108,0.044,12.359,,9.029,,Gulliver_13,1000.0,Cantat-Gaudin2020,4165.0,1.46554,
147427104,2.949469082870081e+18,104.808202844173,-13.348051191795,0.588567,13.9988,15.953,0.067,14.868,0.103,13.019,0.026,12.768,0.022,12.617,0.029,14.6575,0.000372,15.2246,0.001539,13.9437,0.000976,12.488,0.024,12.463,0.026,12.211,0.357,9.17,,Gulliver_13,1000.0,Cantat-Gaudin2020,6649.0,2.43131,1.4
147427110,2.94946619665204e+18,104.856574623434,-13.3502138604872,0.572598,14.4933,16.429,0.072,15.38,0.057,13.522,0.03,13.18,0.027,13.033,0.031,15.17,0.000625,15.7505,0.003478,14.4387,0.001727,12.967,0.024,12.979,0.031,12.537,,8.581,,Gulliver_13,1000.0,Cantat-Gaudin2020,6362.0,2.05232,1.27
147427222,2.9494650627806863e+18,104.881171582952,-13.3895535184511,0.580855,15.3523,17.462,-0.111,16.431,1.133,14.263,0.037,13.845,0.036,13.737,0.053,16.0968,0.000667,16.7452,0.005318,15.3,0.005151,13.589,0.025,13.657,0.036,12.224,,8.865,,Gulliver_13,1000.0,Cantat-Gaudin2020,5544.0,1.58777,0.98
147427227,2.9494650584819256e+18,104.873222472589,-13.3917647985969,0.572866,15.2361,17.393,0.209,16.399,0.206,14.148,0.047,13.76,0.058,13.608,0.058,15.97,0.000658,16.6091,0.007907,15.1855,0.002677,13.237,0.024,13.253,0.032,12.687,,8.941,,Gulliver_13,1000.0,Cantat-Gaudin2020,5610.0,1.66078,0.99
147427305,2.949464513024918e+18,104.835790994149,-13.4242447561579,0.605745,15.5782,,,16.7275,0.0461,14.518,0.042,14.142,0.042,13.929,0.053,16.3306,0.000783,16.9954,0.008144,15.5353,0.002966,,,,,,,,,Gulliver_13,1000.0,Cantat-Gaudin2020,6161.0,1.3346,1.17
147427768,2.9494489137037773e+18,104.885030406222,-13.5963491277529,0.59986,13.8035,15.286,0.069,14.571,0.092,12.97,0.024,12.714,0.03,12.58,0.026,14.3356,0.00037,14.7685,0.00273,13.7336,0.001754,12.467,0.024,12.493,0.025,12.166,0.29,8.92,,Gulliver_13,1000.0,Cantat-Gaudin2020,6901.0,2.17257,1.5
147486887,2.94945283071381e+18,104.963931021986,-13.424123080147,0.671158,16.2084,17.79,0.121,17.2772,0.0463,15.235,0.05,14.702,0.038,14.496,0.091,16.9192,0.001037,17.5359,0.011845,16.1537,0.00533,14.262,0.035,14.259,0.058,12.258,0.407,8.931,0.437,Gulliver_13,1000.0,Cantat-Gaudin2020,5319.0,0.916164,0.92
147487183,2.949489282094904e+18,104.984741079628,-13.3222627310648,0.671215,16.4909,16.915,0.124,17.6203,0.0468,15.382,0.063,14.854,0.066,14.404,0.097,17.2268,0.001237,17.8704,0.016346,16.4168,0.006851,14.381,0.031,14.472,0.058,12.785,,8.977,,Gulliver_13,1000.0,Cantat-Gaudin2020,4778.0,0.895844,0.77
147487302,2.9494903859077484e+18,104.93749681387,-13.2821029568161,0.706346,12.6815,13.547,0.03,13.061,0.126,12.08,0.039,11.92,0.049,11.695,0.033,13.0215,0.000367,13.2694,0.00286,12.6063,0.00257,11.434,0.023,11.483,0.021,11.401,0.145,8.882,,Gulliver_13,1000.0,Cantat-Gaudin2020,7252.0,2.35698,1.63
147487364,2.94949042026746e+18,104.960897706613,-13.2661137355017,0.673418,15.1623,17.854,0.112,15.899,0.195,14.327,0.041,13.964,0.047,13.909,0.061,15.7035,0.000728,16.1321,0.005489,15.0923,0.002421,13.65,0.037,13.71,0.043,12.095,,9.057,0.524,Gulliver_13,1000.0,Cantat-Gaudin2020,5955.0,1.08496,1.09
147487388,2.949491725937503e+18,104.976721927908,-13.2585492229757,0.678353,15.2523,16.942,0.053,16.011,1.133,14.446,0.033,14.086,0.035,13.989,0.064,15.8096,0.000789,16.2645,0.005163,15.1926,0.002734,13.979,0.029,14.032,0.042,12.781,,9.119,,Gulliver_13,1000.0,Cantat-Gaudin2020,5849.0,1.06704,1.06
147487406,2.949493409564709e+18,104.924591219401,-13.2528234725237,0.64945,14.2706,15.853,0.04,15.074,0.252,13.973,0.029,13.631,0.029,13.511,0.04,14.7972,0.000745,15.2153,0.003616,14.2042,0.002999,13.036,0.023,13.104,0.026,12.364,,9.2,,Gulliver_13,1000.0,Cantat-Gaudin2020,6007.0,1.65094,1.11
147487416,2.9494919320959304e+18,104.970714766173,-13.2510963289107,0.587924,13.8471,12.623,0.069,14.371,0.115,13.199,0.027,12.993,0.033,12.941,0.034,14.2585,0.000327,14.5705,0.00176,13.7748,0.001055,12.849,0.032,12.861,0.034,12.724,,8.687,,Gulliver_13,1000.0,Cantat-Gaudin2020,6913.0,1.82326,1.51
147487518,2.949492133956376e+18,104.992438072046,-13.2176075183663,0.542854,15.4625,16.603,0.124,16.408,0.298,14.551,0.058,14.218,0.093,14.086,0.072,16.0437,0.000981,16.5122,0.007423,15.3918,0.003283,,,,,,,,,Gulliver_13,1000.0,Cantat-Gaudin2020,5623.0,1.26701,1.0
147487693,2.949495913524815e+18,104.999090305807,-13.157227230882,0.498551,15.5567,16.84,0.116,16.472,0.469,14.573,0.036,14.161,0.048,13.987,0.061,16.2183,0.001259,16.7868,0.006026,15.5018,0.002672,13.859,0.025,13.955,0.034,12.816,,9.06,,Gulliver_13,1000.0,Cantat-Gaudin2020,5296.0,1.53013,0.91
747952315,2.949493512643912e+18,104.922611097506,-13.2376084519716,0.588396,11.7379,,,12.2871,0.077,,,,,,,12.155,0.000798,12.0947,0.135796,11.3012,0.172502,,,,,,,,,Gulliver_13,1000.0,Cantat-Gaudin2020,,,
147487278,2.9494906607855974e+18,105.045097187305,-13.2921359625794,0.627387,12.6647,13.507,0.04,13.082,0.092,12.084,0.024,11.924,0.022,11.838,0.023,13.009,0.000644,13.2697,0.001963,12.5963,0.000864,11.786,0.024,11.795,0.023,12.065,0.351,8.841,,Gulliver_13,1000.0,Cantat-Gaudin2020,7316.0,2.67886,1.66
147487609,2.9494956042870287e+18,105.013325712726,-13.1830404548719,0.76615,12.5419,13.593,0.049,13.07,0.103,11.93,0.024,11.665,0.022,11.606,0.024,12.9357,0.000384,13.232,0.001214,12.4772,0.000796,11.322,0.023,11.368,0.022,11.356,0.151,9.115,,Gulliver_13,1000.0,Cantat-Gaudin2020,6642.0,2.52458,1.4
147487784,2.949501862060197e+18,105.000953307923,-13.1317656828882,0.656931,14.9657,16.313,0.113,15.666,0.126,14.205,0.03,13.887,0.037,13.725,0.05,15.4827,0.000733,15.8925,0.004179,14.8999,0.002328,13.636,0.027,13.673,0.034,12.443,,9.02,,Gulliver_13,1000.0,Cantat-Gaudin2020,6103.0,1.16516,1.15
147581559,2.94947897847452e+18,105.123443293735,-13.3111658369328,0.55384,13.7479,14.972,0.112,14.269,0.195,13.102,0.029,12.897,0.027,12.807,0.03,14.1519,0.000386,14.456,0.003712,13.6815,0.0013,12.723,0.024,12.745,0.027,12.022,,8.522,,Gulliver_13,1000.0,Cantat-Gaudin2020,6615.0,2.00768,1.38
147581604,2.949478634877172e+18,105.085418346192,-13.3256497953553,0.660387,13.8751,15.135,0.036,14.42,0.046,13.175,0.026,12.928,0.022,12.859,0.024,14.3271,0.000491,14.6791,0.001939,13.8051,0.001659,12.756,0.026,12.744,0.029,12.567,,8.731,,Gulliver_13,1000.0,Cantat-Gaudin2020,6822.0,1.71001,1.47
147707793,2.949480524663305e+18,105.353426832109,-13.302350784974,0.643439,13.8319,14.857,0.057,14.263,0.195,12.922,0.044,12.542,0.048,12.483,0.042,14.3144,0.000346,14.6669,0.00323,13.7374,0.006597,12.041,0.023,12.063,0.023,11.746,0.254,8.914,,Gulliver_13,1000.0,Cantat-Gaudin2020,6569.0,,
747949171,2.949480524663305e+18,105.353426832109,-13.302350784974,0.643439,13.8319,,,14.488,0.0459,,,,,,,14.3144,0.000346,14.6669,0.00323,13.7374,0.006597,,,,,,,,,Gulliver_13,1000.0,Cantat-Gaudin2020,6569.0,,
148351221,2.9363088907598044e+18,106.395246419852,-14.9345936611691,0.181165,14.4172,15.299,0.053,14.825,0.149,13.793,0.026,13.609,0.022,13.502,0.042,14.7381,0.000286,14.9788,0.001543,14.3217,0.001177,13.53,0.027,13.562,0.033,12.134,0.364,9.148,,Haffner_4,457.0881896148752,Cantat-Gaudin2020,8208.0,3.58144,2.01
148453967,2.9363041104532675e+18,106.494376070873,-15.0394261879652,0.364412,16.2588,17.267,0.12,16.8917,0.0459,15.429,0.051,15.131,0.079,15.061,0.158,16.7268,0.00069,17.0903,0.004898,16.1876,0.002902,15.155,0.042,15.26,0.094,12.517,,8.462,,Haffner_4,457.0881896148752,Cantat-Gaudin2020,6671.0,1.03603,1.41
148454024,2.936304286555151e+18,106.482644587509,-15.0194788388815,0.195298,15.1854,15.193,0.103,15.533,0.24,14.43,0.039,14.278,0.06,14.039,0.062,15.5506,0.000454,15.8223,0.003488,15.0887,0.002076,13.943,0.032,14.295,0.045,12.522,,9.028,,Haffner_4,457.0881896148752,Cantat-Gaudin2020,7890.0,2.47873,1.89
148454040,2.936304282252019e+18,106.49814257487,-15.0154586543357,0.305707,15.854,16.62,0.116,16.5178,0.0459,15.061,0.047,14.66,0.066,14.547,0.091,16.3411,0.000595,16.7174,0.004585,15.7785,0.002734,,,,,,,,,Haffner_4,457.0881896148752,Cantat-Gaudin2020,6574.0,1.49585,1.37
148454060,2.936304286554867e+18,106.490913928388,-15.0112611621074,0.315569,16.9202,17.399,0.134,17.7652,0.0463,15.964,0.082,15.745,0.165,13.975,,17.5134,0.00124,17.9806,0.012925,16.8374,0.007113,,,,,,,,,Haffner_4,457.0881896148752,Cantat-Gaudin2020,5880.0,1.07706,1.07
148454094,2.936304320914599e+18,106.498525871522,-15.0041999012582,0.2489,14.0598,15.132,0.006,14.3,0.149,13.316,0.026,13.15,0.035,13.111,0.034,14.3997,0.000294,14.5831,0.003999,13.9044,0.003576,12.979,0.024,13.107,0.026,12.53,,9.021,,Haffner_4,457.0881896148752,Cantat-Gaudin2020,7752.0,3.3047,1.83
148454139,2.936304905030423e+18,106.497740236272,-14.9947158071666,0.278663,15.4832,16.164,0.109,16.003,0.195,14.945,0.037,14.658,0.062,14.749,0.12,15.8094,0.000454,16.0565,0.002924,15.405,0.002272,14.664,0.031,14.899,0.058,12.52,,8.817,,Haffner_4,457.0881896148752,Cantat-Gaudin2020,7752.0,1.52135,1.83
148454353,2.936309062558465e+18,106.447864647264,-14.9184015315067,0.25854,16.6614,17.493,0.141,17.124,0.0459,16.096,0.093,15.876,0.158,15.208,,17.0147,0.000757,17.2777,0.005971,16.5696,0.003449,15.873,0.061,16.061,0.156,12.803,,8.952,,Haffner_4,457.0881896148752,Cantat-Gaudin2020,7837.0,0.97226,1.86
148453970,2.936303358841941e+18,106.503633341061,-15.0389093649789,0.256278,15.058,16.034,0.112,15.585,0.149,14.391,0.032,14.211,0.025,14.108,0.075,15.4348,0.000381,15.7212,0.001331,14.9792,0.001363,,,,,,,,,Haffner_4,457.0881896148752,Cantat-Gaudin2020,7446.0,2.1343,1.71
148454018,2.9363034962808786e+18,106.51991492289,-15.0208784062136,0.28965,12.0969,15.801,0.039,13.832,0.137,10.373,0.026,9.525,0.022,9.253,0.019,13.1238,0.000352,14.2182,0.001841,12.0862,0.000809,9.109,0.023,9.182,0.02,9.035,0.031,8.568,0.368,Haffner_4,457.0881896148752,Cantat-Gaudin2020,4021.0,24.9312,
148454044,2.936304252195123e+18,106.508800142519,-15.0142986986689,0.174424,15.1444,15.456,0.108,15.781,0.195,14.285,0.036,14.03,0.058,13.824,0.064,15.6365,0.000433,16.0283,0.00272,15.0657,0.001492,13.795,0.036,13.915,0.051,12.059,,8.63,,Haffner_4,457.0881896148752,Cantat-Gaudin2020,7170.0,3.26831,1.6
148454045,2.9363046301522386e+18,106.526545668474,-15.0142709431034,0.157221,14.4364,15.38,0.0,14.865,0.263,13.706,0.042,13.556,0.066,13.396,0.057,14.8103,0.000286,15.0965,0.001848,14.3445,0.001482,13.106,0.025,13.202,0.03,12.305,0.422,9.076,,Haffner_4,457.0881896148752,Cantat-Gaudin2020,7922.0,4.18541,1.9
148454047,2.936304320914601e+18,106.503795549326,-15.0135550277251,0.247374,14.6889,15.046,0.112,15.059,0.172,13.941,0.048,13.726,0.063,13.629,0.058,15.0838,0.000329,15.3545,0.003058,14.5802,0.00303,13.192,0.024,13.256,0.03,12.238,,9.134,,Haffner_4,457.0881896148752,Cantat-Gaudin2020,7328.0,2.67837,1.66
148454058,2.936304252195121e+18,106.511222440362,-15.0115771359357,0.280722,14.5703,14.121,0.092,15.09,0.149,13.856,0.034,13.673,0.051,13.502,0.04,14.9881,0.000323,15.3031,0.001825,14.4911,0.001051,13.12,0.024,13.269,0.033,12.668,,9.085,,Haffner_4,457.0881896148752,Cantat-Gaudin2020,7063.0,2.6178,1.56
148454063,2.936304252190313e+18,106.512086334325,-15.0099773293753,0.0737969,16.3169,13.986,0.069,17.1013,0.0463,15.039,0.049,14.704,0.072,14.563,0.097,16.8731,0.000866,17.2465,0.00806,16.1634,0.014952,,,,,,,,,Haffner_4,457.0881896148752,Cantat-Gaudin2020,6911.0,,
148454067,2.936304320914598e+18,106.510213769264,-15.0096738569636,0.278219,16.303,16.658,0.117,16.9774,0.0459,15.478,0.056,15.212,0.09,14.843,0.128,16.7966,0.000865,17.1808,0.003883,16.2297,0.002554,,,,,,,,,Haffner_4,457.0881896148752,Cantat-Gaudin2020,6547.0,1.3293,1.35
148454074,2.936304630152237e+18,106.52214397504,-15.0084847827536,0.23061,15.7136,16.396,0.112,16.532,1.133,14.978,0.039,14.782,0.047,14.559,0.095,16.1076,0.000578,16.4123,0.002657,15.632,0.002482,14.463,0.03,14.802,0.062,12.678,,8.895,,Haffner_4,457.0881896148752,Cantat-Gaudin2020,7581.0,1.74909,1.76
148454080,2.936304694568908e+18,106.512818707727,-15.0068487367331,0.212757,15.95,16.245,0.112,16.5617,0.0459,15.145,0.049,14.896,0.075,14.783,0.126,16.4038,0.000639,16.7518,0.003535,15.8715,0.002518,14.562,0.032,15.212,0.086,12.695,,9.029,,Haffner_4,457.0881896148752,Cantat-Gaudin2020,6932.0,1.81214,1.51
148454103,2.9363046301522314e+18,106.524544362776,-15.0024290427325,0.22254,16.172,16.787,0.116,16.7631,0.0459,15.424,0.051,15.042,0.072,15.024,0.153,16.611,0.000752,16.9535,0.004471,16.0917,0.003279,14.966,0.032,15.801,0.154,12.769,,9.063,,Haffner_4,457.0881896148752,Cantat-Gaudin2020,7325.0,1.53284,1.66
148454112,2.9363043209145964e+18,106.501618840605,-15.0008540686406,0.304097,15.1665,16.141,0.112,15.786,0.161,14.457,0.034,14.289,0.038,14.051,0.076,15.5334,0.000471,15.807,0.0028,15.0855,0.001669,14.23,0.029,14.624,0.058,12.715,,8.781,,Haffner_4,457.0881896148752,Cantat-Gaudin2020,7418.0,1.72384,1.7
148454114,2.936304664511966e+18,106.530908048063,-15.0003070391047,0.295858,15.0179,16.047,0.116,15.534,0.263,14.327,0.043,14.092,0.06,14.046,0.074,15.3986,0.000385,15.6864,0.001638,14.9333,0.001472,13.966,0.03,14.065,0.046,12.488,,8.879,,Haffner_4,457.0881896148752,Cantat-Gaudin2020,7557.0,1.93011,1.75
148454128,2.9363046988717087e+18,106.51587371846,-14.9973686737677,0.126614,12.8234,14.976,-0.028,13.815,0.149,11.45,0.032,10.831,0.029,10.622,0.023,13.6605,0.000227,14.3954,0.009279,12.7534,0.002683,10.44,0.023,10.497,0.02,10.558,0.08,9.063,,Haffner_4,457.0881896148752,Cantat-Gaudin2020,5020.0,22.7592,
148454135,2.9363046988717066e+18,106.520994997302,-14.9962210649404,0.222677,14.6456,15.397,0.11,15.168,0.138,13.975,0.033,13.763,0.042,13.754,0.058,15.0042,0.000333,15.2742,0.002295,14.5571,0.001133,13.516,0.041,13.539,0.045,12.241,,8.989,,Haffner_4,457.0881896148752,Cantat-Gaudin2020,7790.0,2.84676,1.85
148454137,2.936304733231443e+18,106.524882471408,-14.9956936255463,0.116981,15.4097,15.843,0.108,16.025,0.092,14.754,0.039,14.598,0.047,14.433,0.092,15.76,0.000595,16.0304,0.002352,15.316,0.002172,14.089,0.031,14.171,0.056,12.532,,8.723,,Haffner_4,457.0881896148752,Cantat-Gaudin2020,8178.0,2.99575,2.0
148454142,2.936304733231441e+18,106.527098858762,-14.9940440013127,0.195768,14.7747,15.003,0.102,15.116,0.16,14.17,0.033,13.977,0.036,13.832,0.063,15.0937,0.000396,15.3385,0.002021,14.6784,0.001538,13.653,0.026,13.834,0.044,12.119,,9.143,,Haffner_4,457.0881896148752,Cantat-Gaudin2020,8410.0,2.85134,2.08
148454145,2.936304698871708e+18,106.512269024,-14.9934088320664,0.196638,13.073,16.069,0.183,14.281,0.114,11.802,0.024,11.183,0.023,11.02,0.021,13.9015,0.000198,14.675,0.001123,13.0412,0.000509,10.88,0.024,10.916,0.021,10.998,0.125,9.161,,Haffner_4,457.0881896148752,Cantat-Gaudin2020,5257.76,11.962,
148454152,2.9363049050304205e+18,106.501947807283,-14.9919074416687,0.294192,16.1805,17.138,0.122,16.78,0.0459,15.468,0.058,15.144,0.094,15.002,0.14,16.6277,0.00074,16.9745,0.003402,16.1121,0.003643,14.864,0.034,15.241,0.092,12.796,,9.109,,Haffner_4,457.0881896148752,Cantat-Gaudin2020,6719.0,1.25375,1.43
148454192,2.9363049393901466e+18,106.514055893758,-14.975438368839,0.165331,16.3539,17.243,0.124,17.0349,0.0459,15.544,0.061,15.174,0.101,15.288,0.197,16.8503,0.000787,17.2479,0.006995,16.2855,0.00398,15.141,0.054,15.841,0.163,12.564,,8.562,,Haffner_4,457.0881896148752,Cantat-Gaudin2020,6834.0,1.75791,1.48
148513916,2.936306657376752e+18,106.542652244009,-14.9267681889464,0.245461,15.4823,17.362,0.111,16.679,1.133,14.387,0.023,13.962,0.048,13.726,0.051,16.2188,0.000571,16.8634,0.003231,15.4342,0.001317,13.591,0.025,13.628,0.033,12.507,,8.839,,Haffner_4,457.0881896148752,Cantat-Gaudin2020,5562.0,3.22859,
148514072,2.936304836310644e+18,106.540551152858,-14.9819125108454,0.195952,14.7578,15.449,0.049,15.178,0.15,14.159,0.038,14.106,0.052,13.764,,15.0275,0.000375,15.2355,0.001943,14.656,0.001083,13.752,0.033,13.904,0.043,12.577,,8.925,,Haffner_4,457.0881896148752,Cantat-Gaudin2020,8992.0,2.67448,2.27
148514103,2.93630466451196e+18,106.534908375718,-14.9941339929785,0.214832,13.483,14.047,0.0,13.68,0.08,13.012,0.034,12.971,0.039,12.886,0.038,13.6536,0.00025,13.7885,0.001753,13.3662,0.000642,12.712,0.024,12.753,0.025,12.425,,8.987,,Haffner_4,457.0881896148752,Cantat-Gaudin2020,10700.0,3.82338,2.77
148514106,2.936304011676924e+18,106.558313682747,-14.9952050864006,0.25743,16.5206,17.325,0.125,17.2079,0.046,15.733,0.065,15.523,0.107,15.353,0.192,17.0207,0.000686,17.4203,0.006084,16.4503,0.005702,15.364,0.044,15.507,0.114,12.136,,9.006,,Haffner_4,457.0881896148752,Cantat-Gaudin2020,6838.0,1.27726,1.48
148578406,2.9362912985740493e+18,106.571482728782,-15.0868796129493,0.287679,16.8911,17.963,0.149,17.6077,0.046,16.145,0.101,15.754,0.141,15.554,0.22,17.4102,0.001046,17.8313,0.006261,16.8317,0.007826,15.617,0.042,16.085,0.172,12.73,,9.084,,Haffner_4,457.0881896148752,Cantat-Gaudin2020,6412.0,1.0263,1.29
148578442,2.936290989336413e+18,106.56751385185,-15.1042917686942,0.20118,14.5338,15.356,-0.031,15.08,0.172,13.775,0.049,13.588,0.052,13.417,0.063,14.9203,0.000333,15.1968,0.002008,14.4344,0.001401,13.451,0.036,13.471,0.041,12.353,,8.813,,Haffner_4,457.0881896148752,Cantat-Gaudin2020,7485.0,3.37792,1.72
747196737,2.936304252190313e+18,106.512086334325,-15.0099773293753,0.0737969,16.3169,,,17.1013,0.0463,,,,,,,16.8731,0.000866,17.2465,0.00806,16.1634,0.014952,,,,,,,,,Haffner_4,457.0881896148752,Cantat-Gaudin2020,6911.0,,
747196923,2.936304694576053e+18,106.515354663291,-14.9979024662992,0.171886,14.3014,,,14.8895,0.0459,,,,,,,14.7385,0.00046,15.0221,0.006092,14.164,0.001945,,,,,,,,,Haffner_4,457.0881896148752,Cantat-Gaudin2020,7326.0,4.56187,1.66
147252893,2.9493335680613857e+18,104.42950035087,-14.0291682240075,0.654875,13.4657,14.668,0.051,13.985,0.08,12.78,0.027,12.573,0.027,12.47,0.029,13.8916,0.000332,14.2201,0.001518,13.3943,0.000904,12.411,0.024,12.422,0.026,12.186,0.353,8.775,,NGC_2318,436.51583224016656,Cantat-Gaudin2020,6969.0,2.00085,1.53
147263030,2.9494572631205053e+18,104.653368409122,-13.5265694214875,0.717285,13.5835,14.759,0.046,14.051,0.103,12.884,0.024,12.636,0.027,12.561,0.034,13.991,0.000271,14.319,0.001397,13.4975,0.001113,12.507,0.024,12.518,0.024,12.458,0.448,9.189,,NGC_2318,436.51583224016656,Cantat-Gaudin2020,7999.0,1.70572,1.93
147428096,2.9494391555381985e+18,104.797827075208,-13.7134971741519,0.667048,16.6267,18.817,0.123,17.7482,0.0477,15.512,0.061,14.924,0.068,15.022,0.148,17.3621,0.001542,17.9994,0.025791,16.5604,0.004263,,,,,,,,,NGC_2318,436.51583224016656,Cantat-Gaudin2020,5052.0,0.818995,0.84
147428183,2.949437914285477e+18,104.881198885348,-13.7488516341705,0.626933,16.012,18.079,0.116,17.1478,0.0462,15.003,0.042,14.438,0.047,14.251,0.073,16.7547,0.001276,17.4252,0.009407,15.9724,0.004412,14.153,0.031,14.204,0.049,12.765,,8.521,,NGC_2318,436.51583224016656,Cantat-Gaudin2020,5068.0,1.15857,0.85
147428657,2.9485899159459384e+18,104.820983901948,-13.9137662323923,0.789877,15.8909,18.002,0.113,16.64,0.378,14.788,0.036,14.229,0.039,14.212,0.069,16.6351,0.000861,17.297,0.008976,15.8361,0.003101,14.034,0.032,14.203,0.046,12.653,,8.683,,NGC_2318,436.51583224016656,Cantat-Gaudin2020,4944.0,0.987589,0.81
147485425,2.94867953044148e+18,104.957480746001,-13.96192533682,0.658038,14.7892,16.65,0.117,15.646,0.126,13.908,0.03,13.6,0.029,13.494,0.049,15.3951,0.000595,15.897,0.002805,14.7285,0.001785,13.416,0.026,13.388,0.033,12.382,,8.943,,NGC_2318,436.51583224016656,Cantat-Gaudin2020,5898.0,1.45084,1.07
147486144,2.949438537062836e+18,104.924303394367,-13.700142663254,0.794699,16.4594,17.782,0.124,17.7203,0.047,15.271,0.056,14.548,0.053,14.411,0.086,17.2552,0.001335,17.9614,0.016812,16.3737,0.006241,,,,,,,,,NGC_2318,436.51583224016656,Cantat-Gaudin2020,4583.0,0.866247,0.72
147486233,2.949444515657265e+18,104.983297828803,-13.6683193615786,0.664062,16.6421,19.679,0.186,18.0231,0.0466,15.34,0.045,14.694,0.065,14.572,0.1,17.4913,0.001516,18.2944,0.011322,16.591,0.006973,14.375,0.03,14.478,0.058,12.476,,9.018,,NGC_2318,436.51583224016656,Cantat-Gaudin2020,4493.0,1.03835,0.71
147641491,2.948671760839969e+18,105.222434691329,-13.9271938376206,0.635474,17.1132,18.954,0.145,18.1949,0.0476,16.025,0.094,15.564,0.118,15.58,0.226,17.8279,0.001513,18.4697,0.024667,17.069,0.00604,,,,,,,,,NGC_2318,436.51583224016656,Cantat-Gaudin2020,4982.0,0.679868,0.82
147699782,2.948692140465176e+18,105.208561372449,-13.6569960279324,0.506774,13.7642,14.973,0.032,14.26,0.126,13.094,0.029,12.87,0.025,12.775,0.033,14.1917,0.000418,14.5192,0.002046,13.7,0.00107,12.691,0.023,12.699,0.025,11.965,0.262,8.859,,Ruprecht_8,398.10717055349687,Cantat-Gaudin2020,6498.0,2.24537,1.33
147700687,2.9494810056990167e+18,105.229161990469,-13.3106265214901,0.475623,16.2989,18.152,0.119,17.2539,0.0462,15.236,0.047,14.981,0.052,14.785,0.109,16.9514,0.00131,17.5006,0.01047,16.2377,0.004442,14.683,0.031,14.952,0.073,12.268,,8.967,,Ruprecht_8,398.10717055349687,Cantat-Gaudin2020,5530.0,1.11701,0.97
147708429,2.948718249567706e+18,105.406097148682,-13.5310826721134,0.4861,16.4879,18.222,0.123,17.4322,0.0466,15.478,0.056,15.155,0.077,15.098,0.158,17.1345,0.001433,17.6748,0.018382,16.4228,0.004986,14.818,0.036,15.075,0.077,12.696,,9.133,,Ruprecht_8,398.10717055349687,Cantat-Gaudin2020,5466.0,1.01709,0.96
147708659,2.948716535879319e+18,105.378733359978,-13.6118949122586,0.42929,14.3859,,,15.157,0.195,13.6,0.036,13.256,0.055,13.187,0.037,14.8939,0.000877,15.2931,0.003498,14.3162,0.003331,,,,,,,,,Ruprecht_8,398.10717055349687,Cantat-Gaudin2020,6362.0,2.22236,1.27
147840200,2.948701864271053e+18,105.449558460352,-13.694398714489,0.501935,14.721,16.359,0.113,15.262,0.103,13.98,0.026,13.77,0.035,13.637,0.052,15.1714,0.000577,15.5192,0.002729,14.6489,0.00182,13.555,0.024,13.61,0.034,12.177,0.375,8.441,,Ruprecht_8,398.10717055349687,Cantat-Gaudin2020,6791.0,1.50541,1.46
147840615,2.948704991007199e+18,105.451917690103,-13.6112725238724,0.420322,14.8262,16.192,0.071,15.448,0.195,14.078,0.029,13.894,0.029,13.769,0.051,15.2976,0.000661,15.6691,0.003963,14.7587,0.002075,13.65,0.027,13.781,0.036,12.655,,8.981,,Ruprecht_8,398.10717055349687,Cantat-Gaudin2020,6722.0,1.74914,1.43
147840811,2.948705295943095e+18,105.450517611952,-13.5775453574578,0.380722,12.2695,11.807,0.289,12.658,0.08,11.659,0.024,11.545,0.023,11.507,0.023,12.5459,0.000289,12.7583,0.001547,12.1783,0.001381,11.373,0.022,11.394,0.02,11.549,0.196,8.978,,Ruprecht_8,398.10717055349687,Cantat-Gaudin2020,8549.0,4.78061,2.13
147841120,2.94871752801324e+18,105.426148744542,-13.5185558975451,0.389379,13.546,14.171,0.106,13.935,0.172,12.906,0.024,12.772,0.022,12.745,0.029,13.8454,0.000339,14.0683,0.002342,13.4653,0.000883,12.583,0.024,12.61,0.024,12.504,,9.247,,Ruprecht_8,398.10717055349687,Cantat-Gaudin2020,7886.0,2.64776,1.88
147841692,2.9487297300186977e+18,105.46175067484,-13.3788715620394,0.461855,14.8126,16.227,0.027,15.417,0.275,13.965,0.027,13.659,0.033,13.639,0.043,15.2897,0.000481,15.6581,0.005452,14.7297,0.002111,13.524,0.026,13.575,0.035,12.509,,8.878,,Ruprecht_8,398.10717055349687,Cantat-Gaudin2020,7011.0,1.62063,1.54
147840787,2.9487102480471235e+18,105.528360836535,-13.5808453647888,0.411866,13.0708,14.265,0.11,13.522,0.114,12.437,0.022,12.291,0.023,12.249,0.027,13.3904,0.000329,13.6287,0.001822,12.9873,0.001596,12.179,0.023,12.182,0.023,12.296,0.374,9.02,,Ruprecht_8,398.10717055349687,Cantat-Gaudin2020,7840.0,3.21241,1.87
147906999,2.9487090454562207e+18,105.664160473877,-13.5680517164306,0.522318,15.2522,17.049,0.144,16.026,0.172,14.234,0.026,13.937,0.045,13.791,0.053,15.8721,0.000789,16.3894,0.00517,15.192,0.002323,13.586,0.026,13.62,0.033,11.539,0.18,8.746,0.436,Ruprecht_8,398.10717055349687,Cantat-Gaudin2020,6213.0,1.46991,1.2
147907380,2.948705540763672e+18,105.634448566476,-13.6960212981104,0.416735,15.9328,17.349,-0.148,16.536,0.06,14.962,0.066,14.695,0.056,14.606,0.093,16.5287,0.001179,17.0059,0.024591,15.8575,0.004122,,,,,,,,,Ruprecht_8,398.10717055349687,Cantat-Gaudin2020,5930.0,1.33078,1.08
147964769,2.9486514928952294e+18,105.699611570301,-13.7567646585457,0.412025,14.3467,17.145,0.193,15.639,0.126,12.997,0.023,12.344,0.029,12.171,0.021,15.2007,0.000764,16.0135,0.004017,14.3098,0.001784,12.074,0.024,12.177,0.022,11.812,0.246,8.757,,Ruprecht_8,398.10717055349687,Cantat-Gaudin2020,4579.0,4.59009,
125497590,3.0460364403573325e+18,105.733495320384,-11.4753074149706,0.770177,14.9862,19.866,0.163,17.062,1.133,12.967,0.026,11.953,0.025,11.641,0.029,16.1386,0.001211,17.278,0.010809,14.9998,0.003525,10.955,0.036,10.873,0.04,7.146,0.073,4.855,0.102,vdBergh_92,7.762471166286912,Cantat-Gaudin2020,4812.0,2.81173,
125497615,3.046035031608067e+18,105.712104697724,-11.4836962209459,0.863576,16.385,19.191,0.183,17.7512,0.0468,14.773,0.033,14.093,0.058,14.009,0.071,17.2151,0.001347,17.9793,0.014558,16.2688,0.003763,13.528,0.035,13.779,0.061,10.269,0.106,7.428,,vdBergh_92,7.762471166286912,Cantat-Gaudin2020,4167.0,0.924179,0.65
125499162,3.046016924025987e+18,105.802309231351,-11.6866878680207,0.861164,16.5642,,,18.6515,0.0531,14.395,0.03,13.484,0.035,13.128,0.033,17.6438,0.003436,18.832,0.030695,16.4608,0.009634,12.968,0.045,12.845,0.046,10.376,0.534,7.129,0.27,vdBergh_92,7.762471166286912,Cantat-Gaudin2020,3737.0,1.20793,0.56
125499356,3.0460200851218627e+18,105.889476937851,-11.574160173234,0.716734,14.8338,18.124,0.179,16.394,1.133,13.461,0.023,12.765,0.029,12.543,0.024,15.7408,0.001864,16.5876,0.008778,14.8038,0.004641,12.313,0.032,12.284,0.052,9.801,,6.746,,vdBergh_92,7.762471166286912,Cantat-Gaudin2020,4950.0,2.21963,
125641099,3.0460308740796344e+18,105.94207733562,-11.4005923853205,0.796468,14.8765,18.062,0.0,16.572,0.16,13.108,0.03,12.301,0.028,12.014,0.023,15.9346,0.001923,16.9239,0.023018,14.845,0.010602,11.716,0.025,11.722,0.026,7.002,0.052,5.307,0.08,vdBergh_92,7.762471166286912,Cantat-Gaudin2020,5067.0,2.40677,
125641113,3.046032042310727e+18,105.990437905477,-11.4055471246707,0.811696,12.0884,13.671,0.025,12.861,0.103,11.269,0.024,10.918,0.026,10.805,0.021,12.6437,0.000399,13.1017,0.00181,12.0274,0.000958,10.676,0.023,10.776,0.021,9.526,0.085,6.008,0.08,vdBergh_92,7.762471166286912,Cantat-Gaudin2020,6586.0,3.72371,1.37
125641174,3.046030496122517e+18,105.952427975501,-11.4213579171186,0.717549,16.7372,20.513,0.171,18.7209,0.0531,15.076,0.029,14.119,0.044,13.941,0.055,17.8193,0.002915,18.8692,0.032333,16.6297,0.010173,13.192,0.032,13.608,0.048,9.018,0.043,8.405,0.386,vdBergh_92,7.762471166286912,Cantat-Gaudin2020,4028.0,1.41342,
125641191,3.046027605603887e+18,105.990012902894,-11.4268633053605,0.739956,16.4551,,,18.6278,0.0503,14.624,0.043,13.855,0.049,13.591,0.047,17.5948,0.001481,18.7499,0.021318,16.3484,0.012272,,,,,,,,,vdBergh_92,7.762471166286912,Cantat-Gaudin2020,3939.0,1.61981,
125641234,3.046030427403042e+18,105.968741660203,-11.4380120031278,0.680891,15.3365,18.549,0.177,16.641,0.286,13.692,0.027,12.867,0.03,12.571,0.029,16.2626,0.009317,17.122,0.024635,15.2744,0.026056,12.171,0.025,11.937,0.026,10.766,,6.902,0.103,vdBergh_92,7.762471166286912,Cantat-Gaudin2020,4571.0,2.01073,
125641236,3.046030393039492e+18,105.953729865708,-11.438425105562,0.707797,15.7769,19.522,0.17,17.8623,0.0516,13.993,0.03,13.242,0.034,13.042,0.034,16.8909,0.002149,18.0181,0.02607,15.6911,0.012883,12.941,0.027,12.98,0.038,12.059,,8.853,,vdBergh_92,7.762471166286912,Cantat-Gaudin2020,3979.0,2.231,
125641281,3.046027060148696e+18,105.947194151368,-11.4592403412009,0.83876,15.5595,17.773,0.106,16.557,0.286,14.127,0.029,13.464,0.037,13.237,0.03,16.4573,0.00238,17.2756,0.014966,15.487,0.005983,13.091,0.027,13.1,0.033,12.089,,8.656,,vdBergh_92,7.762471166286912,Cantat-Gaudin2020,4599.0,1.41512,0.73
125641324,3.0460271632279066e+18,105.979303817122,-11.471695534486,0.828741,15.632,16.084,0.112,20.889,1.133,14.142,0.027,13.433,0.028,13.199,0.03,16.5181,0.003056,17.2892,0.038063,15.5277,0.011728,,,,,,,,,vdBergh_92,7.762471166286912,Cantat-Gaudin2020,4645.0,1.35466,0.74
125641329,3.046027163227908e+18,105.975561351501,-11.473202760716,,15.9797,,,16.4301,0.0516,14.115,0.18,13.429,0.143,13.31,0.06,16.3312,0.009401,15.9359,0.076778,15.2704,0.0495,,,,,,,,,vdBergh_92,7.762471166286912,Cantat-Gaudin2020,,,
125641332,3.046026785270786e+18,105.97677131308,-11.4748289168905,0.722781,9.4505,9.428,0.047,9.399,0.004,9.373,0.03,9.357,0.022,9.357,0.023,9.39743,0.000621,9.42915,0.00166,9.34024,0.001167,9.328,0.023,9.348,0.02,8.759,0.041,5.472,0.045,vdBergh_92,7.762471166286912,Cantat-Gaudin2020,,,
125641336,3.046027021488137e+18,105.939837090568,-11.4757732060301,0.665747,16.3184,19.767,0.178,18.2001,0.0478,14.766,0.039,13.854,0.035,13.648,0.037,17.3656,0.001927,18.4053,0.016682,16.2532,0.005752,,,,,,,,,vdBergh_92,7.762471166286912,Cantat-Gaudin2020,4104.0,1.71746,
125641349,3.046027094508428e+18,105.995232949371,-11.4785428285205,0.871402,16.4069,20.651,0.167,18.3587,0.0493,14.743,0.035,13.851,0.032,13.712,0.046,17.4567,0.002029,18.5658,0.022388,16.3258,0.005013,13.473,0.027,13.515,0.041,11.991,,8.626,,vdBergh_92,7.762471166286912,Cantat-Gaudin2020,3902.0,1.22358,0.6
125641537,3.0460199133231416e+18,105.952894287362,-11.5306194658196,0.913259,15.7272,19.077,0.175,17.4729,0.052,13.986,0.03,13.207,0.032,13.017,0.029,16.7137,0.006792,17.6882,0.026554,15.6386,0.019098,,,,,,,,,vdBergh_92,7.762471166286912,Cantat-Gaudin2020,4028.0,1.50881,
125641573,3.046019909025796e+18,105.957140302141,-11.5380258639413,,17.0378,17.067,0.108,18.7653,0.051,14.06,,14.288,0.057,13.06,,17.9849,0.004986,18.8232,0.027197,16.7443,0.012271,,,,,,,,,vdBergh_92,7.762471166286912,Cantat-Gaudin2020,,,
125641588,3.046025715819957e+18,105.975105277584,-11.543670666407,,16.6117,20.449,0.168,18.5025,0.0521,14.568,0.038,13.7,0.042,13.285,0.043,17.6078,0.004981,18.6083,0.028985,16.3777,0.011541,,,,,,,,,vdBergh_92,7.762471166286912,Cantat-Gaudin2020,,,
125641590,3.0460255483205304e+18,105.991904925511,-11.5444193919979,0.725026,15.6775,19.399,0.173,17.482,0.0495,14.102,0.032,13.227,0.032,12.927,0.037,16.6974,0.003957,17.7046,0.021487,15.62,0.012666,12.119,0.024,12.0,0.024,8.068,0.025,8.331,,vdBergh_92,7.762471166286912,Cantat-Gaudin2020,4185.0,1.96926,
125641594,3.046025509659011e+18,105.98184008741,-11.5463714807726,0.671081,11.6295,13.067,0.017,12.365,0.08,10.775,0.023,10.395,0.025,10.312,0.023,12.1453,0.000652,12.5539,0.001756,11.5433,0.002221,10.099,0.023,10.206,0.021,12.391,,7.946,0.267,vdBergh_92,7.762471166286912,Cantat-Gaudin2020,7203.0,,
125641602,3.0460198403025736e+18,105.968344415677,-11.5485217307492,0.720266,16.7067,,,18.436,0.0514,15.106,0.037,14.311,0.049,14.183,0.069,17.7092,0.002194,18.6064,0.032507,16.6026,0.005699,,,,,,,,,vdBergh_92,7.762471166286912,Cantat-Gaudin2020,4528.0,1.18029,0.71
125641624,3.046025440943675e+18,105.993092828639,-11.5596233675464,,16.9046,,,18.8082,0.07,14.924,0.033,13.932,0.041,13.517,0.04,17.9044,0.005312,18.9063,0.064285,16.664,0.019313,12.889,0.027,13.155,0.03,10.052,0.11,5.988,0.104,vdBergh_92,7.762471166286912,Cantat-Gaudin2020,,,
125641682,3.0458318968361226e+18,105.986838894234,-11.5782631008641,0.835019,11.4144,12.634,0.051,12.183,0.08,10.526,0.023,10.237,0.025,10.075,0.023,11.9057,0.000262,12.2797,0.002203,11.3307,0.001238,9.696,0.026,9.327,0.023,6.436,0.048,2.79,0.038,vdBergh_92,7.762471166286912,Cantat-Gaudin2020,6682.0,4.49389,1.41
125641690,3.046019535366318e+18,105.968738607178,-11.5810712259514,0.753727,9.3848,9.39,0.0,9.737,0.046,9.247,0.023,9.208,0.025,9.21,0.023,9.28934,0.000512,9.32665,0.001779,9.22486,0.000948,9.094,0.022,9.164,0.021,7.089,0.063,4.052,0.066,vdBergh_92,7.762471166286912,Cantat-Gaudin2020,,,
125641708,3.046019294847877e+18,105.925378169835,-11.5872118210596,0.681919,14.744,17.351,0.0,16.032,0.217,13.35,0.026,12.604,0.027,12.428,0.032,15.7117,0.001772,16.6315,0.007995,14.7446,0.005423,12.229,0.028,11.995,0.024,9.582,0.137,8.334,,vdBergh_92,7.762471166286912,Cantat-Gaudin2020,5707.0,2.44817,1.02
125641726,3.0458317937569167e+18,105.995019323212,-11.5919911572624,1.04165,11.1035,11.151,0.181,11.492,0.125,10.722,0.023,10.536,0.024,10.468,0.023,11.2437,0.000675,11.337,0.004887,11.032,0.002168,10.27,0.024,10.268,0.022,7.805,0.097,4.983,0.138,vdBergh_92,7.762471166286912,Cantat-Gaudin2020,8399.0,2.56534,2.08
125641743,3.0458317593971973e+18,105.973638615215,-11.5977084968927,0.724669,15.4633,20.271,0.162,17.41,0.0466,13.873,0.024,13.081,0.032,12.829,0.029,16.5483,0.002335,17.6453,0.009094,15.4574,0.005388,12.407,0.026,12.463,0.027,7.871,0.034,5.868,0.086,vdBergh_92,7.762471166286912,Cantat-Gaudin2020,4369.0,2.28973,
125641791,3.0460189856105057e+18,105.932011870852,-11.615699880782,0.695003,16.4408,19.635,0.179,18.5661,0.0512,14.889,0.033,13.919,0.04,13.663,0.05,17.6062,0.004522,18.7572,0.023786,16.4444,0.014279,13.267,0.033,12.995,0.039,11.081,,7.272,,vdBergh_92,7.762471166286912,Cantat-Gaudin2020,4680.0,1.68977,
125641803,3.046018882531291e+18,105.912756405322,-11.6217320701469,0.724755,16.2976,,,18.2505,0.0498,14.686,0.04,13.917,0.046,13.677,0.051,17.3761,0.003251,18.4555,0.023194,16.251,0.009097,13.404,0.039,13.53,0.049,11.194,,7.601,,vdBergh_92,7.762471166286912,Cantat-Gaudin2020,4161.0,1.63913,
125641857,3.0458310722024627e+18,105.980134975861,-11.6377115996245,0.813402,15.829,18.796,0.182,17.5354,0.051,14.341,0.032,13.602,0.03,13.427,0.044,16.8209,0.005073,17.7846,0.028662,15.7984,0.012733,13.288,0.04,13.317,0.045,10.146,,8.194,0.416,vdBergh_92,7.762471166286912,Cantat-Gaudin2020,4498.0,1.50398,
125641886,3.0458311022595226e+18,105.937223239078,-11.6514892440379,1.0542,16.3975,20.537,0.169,18.3267,0.0486,14.823,0.036,14.043,0.04,13.832,0.055,17.4277,0.001709,18.5513,0.018479,16.3151,0.00888,13.744,0.037,13.932,0.068,12.405,,8.302,,vdBergh_92,7.762471166286912,Cantat-Gaudin2020,3814.0,0.991817,0.58
125642226,3.0458246469315195e+18,105.957492380067,-11.7820705244809,0.789951,14.2619,16.144,0.046,15.289,0.16,13.224,0.021,12.752,0.027,12.635,0.029,14.9061,0.001773,15.453,0.00529,14.1945,0.003208,12.474,0.034,12.585,0.036,12.072,,8.04,,vdBergh_92,7.762471166286912,Cantat-Gaudin2020,5038.0,1.77699,
125640873,3.046033932096286e+18,106.016810743043,-11.2868606027096,0.850877,15.3008,18.204,0.181,17.036,1.133,13.693,0.026,12.745,0.03,12.233,0.024,16.3092,0.006146,17.3171,0.032265,15.2773,0.018793,11.59,0.038,11.44,0.024,7.689,0.027,4.636,0.031,vdBergh_92,7.762471166286912,Cantat-Gaudin2020,4340.0,1.89235,
125640883,3.046033897732527e+18,106.008016271829,-11.2931648871241,0.867039,14.8496,18.822,0.169,16.644,1.133,13.293,0.024,12.441,0.024,12.227,0.026,15.9474,0.003,17.0978,0.015325,14.8677,0.008,12.074,0.028,12.057,0.025,8.236,0.032,4.875,0.035,vdBergh_92,7.762471166286912,Cantat-Gaudin2020,4249.0,2.6536,
125641065,3.0460320766704573e+18,106.005744341138,-11.3930036885684,0.894481,13.276,15.013,0.165,13.712,0.16,11.453,0.048,10.842,0.059,10.327,0.034,14.0421,0.030575,14.6509,0.108752,13.1562,0.083718,9.473,0.027,9.012,0.023,5.756,0.017,3.373,0.029,vdBergh_92,7.762471166286912,Cantat-Gaudin2020,6690.0,2.6423,1.42
125641075,3.046032179749669e+18,106.01958382579,-11.3943700792674,0.739415,16.1782,20.05,0.168,18.1775,0.0691,14.158,0.04,13.086,0.043,12.51,0.037,17.2616,0.01249,18.3479,0.053245,16.0902,0.034754,11.513,0.025,11.21,0.024,7.655,0.027,5.095,0.056,vdBergh_92,7.762471166286912,Cantat-Gaudin2020,3991.0,1.72839,
125641095,3.04602922481217e+18,106.024708895823,-11.3996607811764,,16.6693,,,18.5542,0.0958,14.418,0.033,13.47,0.026,12.933,0.031,17.6637,0.018619,18.6341,0.088966,16.4088,0.056666,11.752,0.023,11.062,0.02,8.193,0.03,5.934,0.054,vdBergh_92,7.762471166286912,Cantat-Gaudin2020,,,
125641111,3.04602912173296e+18,106.009343424275,-11.405245373544,0.758293,15.1498,20.073,0.162,17.023,1.133,13.473,0.026,12.643,0.028,12.464,0.027,16.272,0.001422,17.4869,0.010687,15.1206,0.003177,,,,,,,,,vdBergh_92,7.762471166286912,Cantat-Gaudin2020,3940.0,2.74258,
125641115,3.046029121732958e+18,106.018790410078,-11.4059004702009,0.79701,15.116,19.019,0.17,16.872,1.133,13.519,0.029,12.717,0.035,12.45,0.027,16.1193,0.001568,17.1053,0.013817,15.0578,0.005764,12.222,0.023,12.242,0.024,10.415,0.124,8.509,,vdBergh_92,7.762471166286912,Cantat-Gaudin2020,4215.0,2.24123,
125641118,3.046032042310724e+18,106.002996026378,-11.4062215745604,0.905952,12.1817,12.576,0.017,12.358,0.092,11.669,0.027,11.576,0.037,11.42,0.024,12.2672,0.000302,12.4009,0.001562,12.0073,0.001249,11.067,0.023,11.119,0.022,7.058,0.019,4.255,0.028,vdBergh_92,7.762471166286912,Cantat-Gaudin2020,,,
125641162,3.046029087373226e+18,106.012090629845,-11.4197092091656,0.824331,15.6254,20.264,0.164,17.4618,0.0467,14.099,0.026,13.288,0.026,13.072,0.033,16.6531,0.001318,17.6896,0.01088,15.5721,0.00429,12.973,0.025,12.973,0.03,11.727,,8.457,0.407,vdBergh_92,7.762471166286912,Cantat-Gaudin2020,4083.0,1.85116,
125641193,3.0460275411850045e+18,106.009760040062,-11.4276049276232,0.835801,10.6371,10.692,0.119,10.736,0.012,10.396,0.047,10.321,0.071,10.261,0.024,10.6365,0.001138,10.6824,0.003236,10.5278,0.002725,,,,,,,,,vdBergh_92,7.762471166286912,Cantat-Gaudin2020,,,
125641201,3.0460276056038723e+18,106.001327641758,-11.4293075763155,0.836627,16.4987,20.208,0.175,18.4863,0.048,14.826,0.044,13.967,0.053,13.728,0.053,17.5801,0.001547,18.6546,0.016821,16.4092,0.006092,,,,,,,,,vdBergh_92,7.762471166286912,Cantat-Gaudin2020,4008.0,1.3362,0.63
125641211,3.04602901435486e+18,106.019141437671,-11.431973926615,,16.5964,,,18.4953,0.0649,14.771,0.03,13.885,0.022,13.729,0.044,17.5948,0.002676,18.6075,0.055081,16.3694,0.020089,13.429,0.029,13.205,0.033,11.029,0.277,7.347,0.187,vdBergh_92,7.762471166286912,Cantat-Gaudin2020,,,
125641366,3.046026372954243e+18,106.022593684841,-11.4822741307445,0.776102,10.219,10.318,0.082,10.208,0.007,10.095,0.024,10.062,0.022,10.038,0.019,10.1917,0.000536,10.2238,0.001963,10.1171,0.000674,10.013,0.022,10.02,0.02,9.416,0.051,5.992,0.073,vdBergh_92,7.762471166286912,Cantat-Gaudin2020,,,
125641648,3.045837772351365e+18,106.001703222189,-11.5664893925942,,14.6588,17.223,-0.138,16.68,0.229,12.099,0.03,10.916,0.028,10.19,0.026,15.652,0.003511,16.5354,0.014622,14.3139,0.007944,9.27,0.023,8.57,0.021,6.347,0.02,2.569,0.023,vdBergh_92,7.762471166286912,Cantat-Gaudin2020,,,
125641845,3.045830655582962e+18,106.014028174592,-11.634177415612,0.769029,15.0561,18.2,0.181,16.501,0.103,13.716,0.023,12.94,0.028,12.785,0.027,15.9533,0.001114,16.8361,0.005882,15.0057,0.002347,12.625,0.034,12.694,0.042,9.442,,7.233,,vdBergh_92,7.762471166286912,Cantat-Gaudin2020,4259.0,2.02248,
125643404,3.0458273613506893e+18,106.060770695841,-11.6652137554106,0.87301,15.9436,20.158,0.166,18.2313,0.0478,14.126,0.032,13.379,0.028,13.076,0.038,17.0855,0.001556,18.4081,0.01492,15.8756,0.003246,12.953,0.029,12.921,0.037,10.771,,7.439,,vdBergh_92,7.762471166286912,Cantat-Gaudin2020,3675.0,1.71491,
125643557,3.045836432321559e+18,106.088992924698,-11.6178774400947,0.828202,13.5952,15.939,0.046,14.684,0.092,12.48,0.026,11.906,0.024,11.758,0.023,14.3216,0.001895,14.9685,0.007642,13.5404,0.005939,11.651,0.023,11.663,0.024,11.792,,8.648,,vdBergh_92,7.762471166286912,Cantat-Gaudin2020,4892.0,2.64411,
125643626,3.0458368789981184e+18,106.126385772668,-11.5980481582403,0.752575,15.9052,,,18.3379,0.0487,14.032,0.026,13.212,0.021,12.948,0.033,17.0862,0.00231,18.5089,0.015381,15.8593,0.008699,12.797,0.025,12.75,0.031,11.975,0.413,8.889,,vdBergh_92,7.762471166286912,Cantat-Gaudin2020,3612.0,2.12642,
125643663,3.045836943415169e+18,106.107605376324,-11.5878047879906,0.75096,16.8876,20.182,0.175,19.0407,0.0728,15.048,0.035,14.198,0.054,13.838,0.058,17.9957,0.008189,19.1635,0.060407,16.7477,0.027494,13.427,0.027,13.228,0.036,12.362,,8.783,,vdBergh_92,7.762471166286912,Cantat-Gaudin2020,3760.0,1.25776,0.57
125643687,3.045836943420056e+18,106.117536176197,-11.5802036429991,0.981901,16.5178,,,18.5045,0.0516,14.8,0.051,14.067,0.071,13.793,0.05,17.5746,0.001629,18.6731,0.029316,16.3978,0.005219,13.25,0.084,13.253,0.09,12.414,,8.217,,vdBergh_92,7.762471166286912,Cantat-Gaudin2020,3848.0,1.03867,0.59
125643697,3.0458374974734525e+18,106.027650308084,-11.578186692486,0.901152,15.6287,19.283,0.179,17.3026,0.0476,14.141,0.05,13.38,0.04,13.153,0.044,16.593,0.002259,17.564,0.016954,15.5849,0.00641,,,,,,,,,vdBergh_92,7.762471166286912,Cantat-Gaudin2020,4153.0,1.51315,
125643781,3.045837978509734e+18,106.088782365636,-11.5550625768679,,16.1487,19.635,0.167,17.8117,0.0795,13.948,0.024,12.933,0.026,12.319,0.023,17.0753,0.021336,17.9252,0.063113,15.9077,0.059787,11.375,0.024,10.875,0.021,8.739,0.049,6.606,0.095,vdBergh_92,7.762471166286912,Cantat-Gaudin2020,,,
125643969,3.0460260980763377e+18,106.03829147537,-11.50208208868,0.8249,15.0459,17.978,0.183,16.264,0.092,13.648,0.027,12.956,0.024,12.863,0.035,15.8874,0.004787,16.6683,0.007927,14.9856,0.011578,12.731,0.028,12.698,0.029,10.767,0.164,8.755,0.472,vdBergh_92,7.762471166286912,Cantat-Gaudin2020,4541.0,1.68463,
125644015,3.0460261968543524e+18,106.049143794442,-11.4914973892791,0.859631,15.9711,20.471,0.163,18.4618,0.0514,14.086,0.027,13.266,0.028,13.024,0.031,17.1773,0.00172,18.605,0.02458,15.9202,0.003324,12.936,0.026,12.778,0.028,12.151,,8.801,,vdBergh_92,7.762471166286912,Cantat-Gaudin2020,3635.0,1.89236,
125644118,3.046027678624294e+18,106.094805713983,-11.4641522409569,0.981079,16.0557,19.935,0.168,17.8774,0.0905,14.243,0.026,13.362,0.042,12.951,0.031,17.0675,0.019111,18.0947,0.082113,15.9756,0.0608,12.518,0.025,12.244,0.026,10.613,0.171,7.431,0.183,vdBergh_92,7.762471166286912,Cantat-Gaudin2020,3985.0,1.24347,0.62
125644140,3.046027811761476e+18,106.112231195872,-11.4573437446995,0.891004,12.2729,11.809,0.233,12.408,0.092,11.971,0.03,11.935,0.04,11.903,0.034,12.3455,0.000351,12.4152,0.002893,12.1788,0.001158,11.864,0.026,11.872,0.026,12.276,,8.579,,vdBergh_92,7.762471166286912,Cantat-Gaudin2020,11427.0,1.50205,3.01
125644148,3.046027846121938e+18,106.09670157123,-11.455169557195,0.674524,14.6406,17.842,0.179,16.076,0.24,13.043,0.032,12.316,0.032,12.075,0.026,15.5519,0.003104,16.4041,0.008506,14.5583,0.011389,11.901,0.022,11.865,0.022,10.286,0.184,7.164,0.125,vdBergh_92,7.762471166286912,Cantat-Gaudin2020,4349.0,2.81046,
125644201,3.0460282283801016e+18,106.139385907427,-11.4418062172455,0.806319,15.3816,19.867,0.162,17.394,0.0523,13.629,0.022,12.838,0.03,12.615,0.026,16.4548,0.005116,17.6012,0.025588,15.3142,0.016996,12.472,0.024,12.398,0.025,12.298,0.379,9.021,,vdBergh_92,7.762471166286912,Cantat-Gaudin2020,3901.0,2.17106,
125644229,3.04602826273984e+18,106.125091043524,-11.4323811882072,0.946294,16.2717,,,,,14.063,0.035,13.234,0.03,12.98,0.038,17.5001,0.007047,18.9913,0.042735,16.1676,0.019081,12.715,0.025,12.361,0.025,10.521,0.084,8.305,,vdBergh_92,7.762471166286912,Cantat-Gaudin2020,3486.0,1.58857,
125644255,3.0460281596606285e+18,106.075521774307,-11.4244573185729,0.861765,14.5495,,,15.853,0.126,13.14,0.035,12.423,0.04,12.275,0.039,15.3901,0.002501,16.1739,0.010326,14.4819,0.006676,12.151,0.028,12.134,0.029,11.557,,8.516,,vdBergh_92,7.762471166286912,Cantat-Gaudin2020,4448.0,2.04064,
125644313,3.04602891557487e+18,106.078246009198,-11.4130316418074,0.899424,16.5648,,,18.8147,0.0551,14.626,0.041,13.896,0.04,13.706,0.046,17.6967,0.002019,18.9422,0.034279,16.4413,0.006321,13.365,0.024,13.241,0.031,11.17,,8.408,,vdBergh_92,7.762471166286912,Cantat-Gaudin2020,3694.0,1.26006,0.55
125644330,3.046029289231133e+18,106.084096457974,-11.4090696894077,1.00566,16.122,20.256,0.165,18.2262,0.051,14.256,0.029,13.517,0.022,13.271,0.037,17.1961,0.003094,18.4015,0.02501,16.0034,0.008098,13.122,0.024,12.969,0.028,10.453,0.151,8.538,,vdBergh_92,7.762471166286912,Cantat-Gaudin2020,3675.0,1.25475,0.54
125644369,3.0460289842939894e+18,106.066186650384,-11.4015831572296,,9.6704,9.653,0.052,9.506,0.004,8.947,0.024,8.896,0.024,8.853,0.021,9.72026,0.017437,9.40643,0.02245,9.27418,0.035687,8.823,0.022,8.799,0.018,8.736,0.031,7.535,0.191,vdBergh_92,7.762471166286912,Cantat-Gaudin2020,8563.0,2.19847,
125644380,3.046028571977483e+18,106.100921376647,-11.4006800292438,0.848852,16.6264,19.905,0.173,18.9116,0.0769,14.554,0.037,13.721,0.024,13.376,0.04,17.7777,0.007267,18.9927,0.064639,16.4737,0.026096,13.202,0.028,12.982,0.032,11.305,,8.119,,vdBergh_92,7.762471166286912,Cantat-Gaudin2020,3728.0,1.33905,
125644422,3.046029224812164e+18,106.028512842076,-11.3893680808,0.842827,13.8003,16.701,0.115,15.391,0.126,12.325,0.033,11.545,0.032,11.339,0.029,14.7163,0.004859,15.5945,0.017152,13.762,0.011799,10.746,0.019,10.688,0.02,8.169,0.025,5.554,0.069,vdBergh_92,7.762471166286912,Cantat-Gaudin2020,4523.0,3.26048,
125644431,3.0460292591718973e+18,106.041498208569,-11.3878995765156,0.874273,13.9655,16.239,0.517,15.181,0.126,11.786,0.024,10.709,0.021,9.832,0.021,14.8769,0.042808,15.7096,0.15442,13.8877,0.114219,8.817,0.022,8.137,0.02,6.61,0.018,4.929,0.039,vdBergh_92,7.762471166286912,Cantat-Gaudin2020,4538.0,2.8922,
125644434,3.04602939661084e+18,106.085909713752,-11.3873627874919,,16.4801,19.613,0.171,18.3058,0.1122,14.181,0.028,13.219,0.021,12.724,0.029,17.4572,0.031349,18.4117,0.093562,16.241,0.088032,11.998,0.023,11.573,0.023,10.042,0.115,7.495,0.187,vdBergh_92,7.762471166286912,Cantat-Gaudin2020,,,
125644435,3.0460292591718994e+18,106.033824306196,-11.3870402998715,,16.6104,,,18.3635,0.0528,14.291,,13.774,0.093,13.504,0.09,17.5655,0.005215,18.4952,0.032683,16.3922,0.011968,,,,,,,,,vdBergh_92,7.762471166286912,Cantat-Gaudin2020,,,
125644454,3.0460295684095365e+18,106.06456711569,-11.3827067989552,0.639116,15.8541,,,17.9785,0.0476,14.08,0.036,13.205,0.042,12.824,0.034,16.9765,0.001813,18.1695,0.014531,15.8052,0.004791,,,,,,,,,vdBergh_92,7.762471166286912,Cantat-Gaudin2020,3944.0,2.38587,
125644460,3.046029568409536e+18,106.063430691934,-11.3807493936724,0.861847,16.0744,17.962,0.0,16.928,0.06,14.24,0.05,13.484,0.07,13.22,0.052,17.0649,0.004126,17.9743,0.045166,15.9591,0.027979,,,,,,,,,vdBergh_92,7.762471166286912,Cantat-Gaudin2020,4263.0,1.30782,0.67
125644481,3.0460294996900485e+18,106.091538136486,-11.3749022874595,0.718505,11.7929,11.868,0.309,11.67,0.025,11.296,0.023,11.132,0.021,11.034,0.019,11.9083,0.000429,12.0158,0.002391,11.6799,0.001768,11.027,0.022,11.036,0.021,11.336,0.425,8.817,,vdBergh_92,7.762471166286912,Cantat-Gaudin2020,12848.0,,
125644484,3.046032214109396e+18,106.027145116666,-11.3744403492066,0.663888,16.3957,20.238,0.169,18.2799,0.0542,14.51,0.035,13.596,0.03,13.299,0.031,17.4419,0.007191,18.4722,0.029522,16.3155,0.022451,13.021,0.025,15.17,0.106,9.469,0.279,5.79,0.063,vdBergh_92,7.762471166286912,Cantat-Gaudin2020,4072.0,1.66,
125644491,3.04602970584848e+18,106.08332119384,-11.3729068046073,0.841454,16.4085,19.026,0.18,18.2656,0.0552,14.352,0.029,13.34,0.024,12.666,0.029,17.4353,0.007093,18.4469,0.034043,16.3004,0.020731,11.977,0.023,11.392,0.021,10.427,0.152,8.285,0.356,vdBergh_92,7.762471166286912,Cantat-Gaudin2020,3989.0,1.27073,0.62
125644548,3.0460296714887424e+18,106.06188234192,-11.3587726249849,0.869748,15.6012,19.855,0.167,16.827,1.133,13.879,0.037,12.971,0.04,12.564,0.031,16.5708,0.004405,17.5236,0.061849,15.5481,0.010716,11.901,0.035,11.557,0.036,9.657,0.06,6.049,0.073,vdBergh_92,7.762471166286912,Cantat-Gaudin2020,4250.0,1.55718,
125644552,3.04603265648458e+18,106.025035056451,-11.3578711718292,0.796687,11.4073,12.535,0.48,11.907,0.033,10.644,0.028,10.409,0.022,10.259,0.024,11.7807,0.000218,12.0583,0.002819,11.3106,0.00152,9.928,0.022,9.855,0.021,6.653,0.018,5.099,0.049,vdBergh_92,7.762471166286912,Cantat-Gaudin2020,7826.0,3.984,1.86
125644583,3.0460298046274125e+18,106.075443095911,-11.3468117498958,0.690905,16.5128,,,18.7815,0.0506,14.512,0.032,13.638,0.028,13.345,0.037,17.7012,0.004343,18.9095,0.021371,16.4522,0.011603,12.845,0.025,13.025,0.028,10.995,0.157,8.447,0.287,vdBergh_92,7.762471166286912,Cantat-Gaudin2020,4009.0,1.88254,
125644620,3.0460329013041475e+18,106.03462489163,-11.3348026390261,0.701568,16.1843,19.868,0.163,18.1918,0.1084,13.6,0.028,12.564,0.026,11.919,0.024,17.2894,0.028619,18.317,0.094701,16.0765,0.073618,10.859,0.026,10.302,0.024,7.33,0.052,3.913,0.024,vdBergh_92,7.762471166286912,Cantat-Gaudin2020,4278.0,1.81396,
125644641,3.046033004383356e+18,106.049170915841,-11.3281317501964,0.7598,13.3344,14.744,0.022,14.269,0.149,12.195,0.024,11.763,0.022,11.499,0.024,13.8639,0.000443,14.2826,0.001698,13.2359,0.001141,11.091,0.022,11.066,0.02,6.608,0.018,3.878,0.028,vdBergh_92,7.762471166286912,Cantat-Gaudin2020,7493.0,2.1381,1.73
125644724,3.046408414583417e+18,106.051349947781,-11.2997297977516,,16.8267,19.482,0.174,18.5566,0.0857,14.346,0.029,13.309,0.032,12.62,0.03,17.7746,0.022465,18.6549,0.072155,16.5738,0.061106,11.758,0.032,11.103,0.032,8.324,0.073,5.289,0.15,vdBergh_92,7.762471166286912,Cantat-Gaudin2020,,,
125644879,3.046409002999041e+18,106.102118609159,-11.2556380889396,0.856937,13.035,13.68,0.033,13.41,0.149,12.602,0.024,12.458,0.022,12.399,0.024,13.2647,0.000373,13.4429,0.001633,12.9513,0.001119,12.034,0.024,11.515,0.023,9.406,0.065,7.043,0.168,vdBergh_92,7.762471166286912,Cantat-Gaudin2020,8693.0,1.44627,2.18
125644902,3.046409587114618e+18,106.033713248232,-11.2506834937577,0.814682,13.9859,16.35,0.028,15.399,0.206,12.534,0.029,11.992,0.032,11.695,0.027,14.817,0.000473,15.5541,0.002868,13.9348,0.001801,11.459,0.025,11.395,0.025,9.446,,6.578,,vdBergh_92,7.762471166286912,Cantat-Gaudin2020,5400.0,2.46334,0.94
177009694,3.0458337479594813e+18,106.205443402029,-11.5996408877777,1.05867,16.7975,,,19.116,0.0655,14.687,0.046,13.909,0.036,13.586,0.049,17.9362,0.00276,19.2052,0.049745,16.6345,0.015223,13.436,0.027,13.213,0.033,12.611,,8.654,,vdBergh_92,7.762471166286912,Cantat-Gaudin2020,3604.0,0.975463,0.51
177009708,3.045833988477661e+18,106.175481589036,-11.5937065201041,0.71062,16.7331,20.111,0.175,18.8412,0.0661,14.699,0.046,13.904,0.033,13.682,0.058,17.8352,0.006654,19.0068,0.053658,16.6377,0.019166,13.597,0.026,13.503,0.032,12.518,,8.717,,vdBergh_92,7.762471166286912,Cantat-Gaudin2020,3838.0,1.40996,
177009829,3.045838562625227e+18,106.174453966714,-11.5496643259705,,16.5982,18.382,0.109,17.7266,0.0867,14.681,0.039,13.887,0.029,13.171,0.041,17.3229,0.02566,17.85,0.113212,16.3767,0.07032,12.615,0.026,11.878,0.026,9.932,0.061,7.676,0.169,vdBergh_92,7.762471166286912,Cantat-Gaudin2020,,,
177009911,3.0458361574434724e+18,106.24495840629,-11.5184554527432,0.760736,12.559,12.487,0.574,12.478,0.056,12.048,0.023,11.903,0.023,11.841,0.024,12.8328,0.00037,13.0458,0.002436,12.4839,0.001045,11.796,0.023,11.81,0.024,11.947,,8.888,,vdBergh_92,7.762471166286912,Cantat-Gaudin2020,8165.0,2.14314,1.99
177009992,3.0458392154601764e+18,106.235840832532,-11.495156470257,0.655419,16.2682,20.006,0.174,18.1264,0.0586,14.645,0.039,13.931,0.047,13.703,0.059,17.2994,0.002432,18.3202,0.048107,16.1781,0.007522,,,,,,,,,vdBergh_92,7.762471166286912,Cantat-Gaudin2020,4017.0,1.76191,
177009995,3.04583934859698e+18,106.193384672172,-11.4942775467334,0.87779,16.8461,,,18.7271,0.0725,15.101,0.041,14.222,0.039,14.067,0.061,17.8739,0.006383,18.8774,0.071227,16.7007,0.017444,13.956,0.03,13.947,0.045,12.692,,8.951,,vdBergh_92,7.762471166286912,Cantat-Gaudin2020,3944.0,0.980499,0.61
177010470,3.0464053952267704e+18,106.152681451316,-11.3189200118178,0.903163,16.3179,20.235,0.17,18.2892,0.0544,14.545,0.037,13.91,0.044,13.588,0.045,17.3822,0.003167,18.4994,0.035537,16.2531,0.010426,13.589,0.031,13.489,0.036,12.191,,8.925,,vdBergh_92,7.762471166286912,Cantat-Gaudin2020,3949.0,1.26211,0.61
177010520,3.046405670104428e+18,106.145245623853,-11.3028882493605,0.826091,15.071,18.47,0.175,16.811,1.133,13.442,0.026,12.728,0.028,12.515,0.031,16.0014,0.007951,16.9171,0.027012,15.0112,0.021778,12.45,0.023,12.397,0.027,10.72,0.166,7.676,0.192,vdBergh_92,7.762471166286912,Cantat-Gaudin2020,4192.0,1.99993,
751851678,3.0460275411811364e+18,106.015718063677,-11.4361938922931,0.948469,14.086,,,,,,,,,,,14.516,0.005396,,0.0,,0.0,,,,,,,,,vdBergh_92,7.762471166286912,Cantat-Gaudin2020,,,
35420076,2.949013747616723e+18,101.958475950956,-15.0483719472237,5.91634,14.906,19.673,0.162,,,13.111,0.028,12.538,0.027,12.238,0.025,16.3233,0.001019,18.2148,0.007683,15.0163,0.002266,12.054,0.023,11.852,0.022,11.96,0.302,9.108,,Theia69,35.481338923357534,Kounkel2020,3091.0,0.428276,0.422997
35419948,2.949014366092004e+18,101.988472952235,-14.9971617465619,5.95153,13.1854,17.113,0.162,15.203,0.114,11.68,0.027,11.039,0.024,10.827,0.022,14.3276,0.002833,15.5452,0.013053,13.2281,0.00772,10.749,0.022,10.673,0.019,10.683,0.089,8.802,,Theia69,35.481338923357534,Kounkel2020,3538.0,0.666177,0.639116
35241735,2.949100746473263e+18,101.769359238387,-14.3886088146436,6.05,14.3375,19.172,0.162,,,12.675,0.026,12.05,0.023,11.825,0.024,15.6386,0.001095,17.17,0.01115,14.4137,0.003852,11.695,0.023,11.51,0.021,11.341,0.161,9.025,,Theia69,35.481338923357534,Kounkel2020,3300.0,0.48395,0.481971
340887182,2.949103392173262e+18,101.43416781948,-14.5016543732434,5.5864,15.3127,19.666,0.163,,,13.457,0.027,12.949,0.026,12.68,0.021,16.7172,0.001651,18.5399,0.027843,15.4169,0.003272,12.483,0.023,12.275,0.022,12.42,0.521,8.675,,Theia69,35.481338923357534,Kounkel2020,3125.0,0.383334,0.37255
35644070,2.9488173129904425e+18,102.416386534571,-15.0466699206498,,12.4624,,,14.1405,0.0468,10.808,0.035,10.253,0.037,10.047,0.033,13.3939,0.00162,14.3983,0.011387,12.3664,0.006022,9.926,0.065,9.817,0.046,9.598,0.074,8.677,0.542,Theia69,35.481338923357534,Kounkel2020,,,
35489414,2.948820577165717e+18,102.185419457489,-15.1668382927574,5.90663,13.3891,16.151,0.086,14.673,0.08,11.211,0.036,10.567,0.035,10.244,0.027,14.3749,0.00208,15.143,0.046637,12.9449,0.039511,10.059,0.022,9.969,0.018,9.909,0.055,8.159,,Theia69,35.481338923357534,Kounkel2020,,,
35644075,2.948817312990441e+18,102.417135366223,-15.0445721828667,5.87892,7.5734,7.555,0.027,7.56,0.03,7.517,0.023,7.595,0.059,7.553,0.033,7.54033,0.000494,7.56142,0.002449,7.55331,0.003077,7.516,0.037,7.551,0.02,7.394,0.017,6.156,0.06,Theia69,35.481338923357534,Kounkel2020,10186.0,1.81694,2.616
35488490,2.9472447665456635e+18,102.136617347954,-15.6238856910566,5.61948,14.5045,19.17,0.162,,,12.806,0.027,12.191,0.026,11.925,0.028,15.8189,0.001839,17.4051,0.013295,14.5855,0.003626,11.797,0.022,11.635,0.022,11.567,0.19,9.081,,Theia69,35.481338923357534,Kounkel2020,3269.0,0.493508,0.491603
61491350,2.947979828727784e+18,102.747233947862,-15.7728170896861,5.68046,16.6284,17.908,0.074,,,14.658,0.064,14.083,0.067,13.765,0.065,18.1538,0.00218,20.2292,0.105646,16.7589,0.009463,13.305,0.027,13.053,0.028,12.646,,8.601,,Theia69,35.481338923357534,Kounkel2020,2976.0,0.252097,0.223133
61581618,2.948948876429293e+18,102.87342454101,-14.6267542098747,6.06185,13.4865,16.98,0.227,15.59,0.126,11.82,0.055,11.218,0.06,10.947,0.05,14.5468,0.000844,15.8423,0.006625,13.4153,0.002238,10.317,0.022,10.198,0.021,10.175,0.07,8.683,,Theia69,35.481338923357534,Kounkel2020,3585.0,0.689914,0.502
35585247,2.9490534674741893e+18,102.261065771693,-14.6668858059585,4.7054,14.5015,16.112,0.0,16.875,1.133,12.877,0.026,12.22,0.026,11.986,0.023,15.7743,0.002411,17.2609,0.015073,14.5724,0.006974,11.831,0.033,11.649,0.03,11.549,0.198,8.71,,Theia69,35.481338923357534,Kounkel2020,3334.0,0.547285,0.542806
61400372,2.9488659663795784e+18,102.658724975466,-14.6480443370314,5.69659,15.3132,20.27,0.162,,,13.494,0.026,12.922,0.027,12.669,0.033,16.689,0.001303,18.4399,0.026116,15.4102,0.004249,12.526,0.023,12.333,0.025,12.376,0.392,9.018,,Theia69,35.481338923357534,Kounkel2020,3169.0,0.379099,0.367708
35407889,2.9491504263549286e+18,101.915088671182,-14.0106856001493,4.23758,14.4565,18.43,0.162,16.719,0.332,12.803,0.023,12.119,0.024,11.905,0.021,15.7301,0.002775,17.2196,0.015096,14.5276,0.009698,11.781,0.022,11.646,0.022,11.262,0.176,8.784,0.42,Theia69,35.481338923357534,Kounkel2020,3332.0,0.601626,0.589413
35577584,2.952963296462468e+18,102.136090564053,-12.4165604490028,4.79879,14.6304,19.166,0.162,,,12.962,0.026,12.332,0.026,12.078,0.025,15.9417,0.001096,17.5161,0.009916,14.7103,0.002817,11.894,0.023,11.76,0.022,11.48,0.185,9.1,,Theia69,35.481338923357534,Kounkel2020,3276.0,0.524378,0.521625
747813688,2.948820577165717e+18,102.185419457489,-15.1668382927574,5.90663,13.3891,,,15.2444,0.0657,,,,,,,14.3749,0.00208,15.143,0.046637,12.9449,0.039511,,,,,,,,,Theia69,35.481338923357534,Kounkel2020,,,
35413947,2.952958211220862e+18,102.028471616984,-12.4359096628909,4.71766,15.0301,20.064,0.162,,,13.122,0.026,12.56,0.027,12.234,0.024,16.494,0.001769,18.4799,0.018806,15.1506,0.003689,12.047,0.023,11.872,0.023,11.728,0.236,8.745,,Theia69,35.481338923357534,Kounkel2020,3033.0,0.505,0.502975
35642782,2.94723332905096e+18,102.348624820964,-15.7240492177759,6.07166,13.4219,17.415,0.162,15.464,0.103,11.96,0.024,11.325,0.023,11.06,0.019,14.5772,0.000917,15.8318,0.006037,13.468,0.002795,10.952,0.023,10.855,0.021,10.711,0.091,8.61,,Theia69,35.481338923357534,Kounkel2020,3510.0,0.61396,0.599331
35586305,2.948822153417873e+18,102.242427120008,-15.1436649843082,,12.8862,,,14.2693,0.0623,10.463,0.056,9.999,0.088,9.885,0.016,13.7148,0.005277,14.3201,0.067777,12.5791,0.010675,,,,,,,,,Theia69,35.481338923357534,Kounkel2020,,,
35633985,2.947245629837296e+18,102.286115087407,-15.6770867045203,4.78745,15.3135,20.173,0.163,,,13.572,0.03,12.988,0.032,12.702,0.021,16.6753,0.001326,18.39,0.010377,15.4068,0.002982,12.581,0.023,12.382,0.024,12.369,0.367,8.993,,Theia69,35.481338923357534,Kounkel2020,3191.0,0.427477,0.422119
35712636,2.952772668632625e+18,102.355146871983,-12.4945168258369,4.53733,11.2391,12.653,0.039,11.853,0.069,10.631,0.027,10.298,0.024,10.178,0.021,11.7073,0.001505,12.085,0.004829,11.1891,0.003956,10.137,0.023,10.155,0.02,10.12,0.055,8.646,,Theia69,35.481338923357534,Kounkel2020,5638.0,0.934032,1.0
120834868,2.953218932914936e+18,102.516194552597,-11.1573590643028,3.68473,12.4438,14.548,0.068,13.474,0.114,11.346,0.024,10.843,0.026,10.635,0.023,13.1203,0.002401,13.7232,0.008131,12.3806,0.006949,10.563,0.024,10.517,0.021,10.358,0.067,8.816,,Theia69,35.481338923357534,Kounkel2020,4680.0,0.992771,0.746
35645007,2.949052093084634e+18,102.328243457448,-14.6355502335598,6.02865,15.3118,19.769,0.163,,,13.464,0.03,12.923,0.026,12.635,0.037,16.7207,0.002151,18.5296,0.023352,15.4153,0.005134,12.484,0.025,12.263,0.023,12.383,0.393,8.422,,Theia69,35.481338923357534,Kounkel2020,3129.0,0.367351,0.354223
61399464,2.9491605667807555e+18,102.578780145045,-14.2704163775661,6.18078,9.54527,10.444,0.074,9.949,0.005,9.054,0.021,8.853,0.049,8.786,0.026,9.9077,0.000817,10.1934,0.001827,9.50597,0.001987,8.751,0.023,8.776,0.019,8.727,0.024,8.875,0.411,Theia69,35.481338923357534,Kounkel2020,6304.0,1.23469,1.238
123744418,2.953141039388679e+18,103.290761225729,-11.4626709565486,4.37668,16.3253,20.326,0.17,18.8554,0.0573,14.745,0.035,14.049,0.043,13.999,0.061,17.5876,0.001985,19.0603,0.03643,16.3934,0.005096,13.812,0.027,13.686,0.036,11.305,0.202,8.712,,Theia69,35.481338923357534,Kounkel2020,3345.0,0.286255,0.261014
142401153,2.94895083493426e+18,102.994565876411,-14.5617402829984,5.34792,12.7155,15.553,0.052,13.998,0.103,11.459,0.022,10.778,0.024,10.609,0.02,13.5457,0.001469,14.382,0.008805,12.6487,0.003734,10.572,0.023,10.558,0.021,10.355,0.07,9.082,,Theia69,35.481338923357534,Kounkel2020,4050.0,0.836934,0.633
747838209,2.9489488764292936e+18,102.87313264661,-14.6276101457959,5.95845,14.2161,,,,,,,,,,,15.4558,0.00154,17.1845,0.012167,14.1499,0.003294,,,,,,,,,Theia69,35.481338923357534,Kounkel2020,,,
142400368,2.948797624861727e+18,103.058284911996,-14.9043355800434,6.09142,13.6585,18.266,0.163,16.111,0.08,12.057,0.021,11.445,0.024,11.222,0.026,14.8948,0.002117,16.3111,0.009663,13.7221,0.005537,11.102,0.023,10.968,0.021,10.86,0.095,8.667,,Theia69,35.481338923357534,Kounkel2020,3385.0,0.583285,0.574232
146874379,2.948115648474996e+18,103.872465480127,-14.9924384973854,5.21878,15.0109,19.463,0.164,,,13.318,0.029,12.725,0.027,12.473,0.029,16.3525,0.001737,18.057,0.023977,15.1022,0.003442,12.286,0.024,12.106,0.023,12.073,0.343,9.116,,Theia69,35.481338923357534,Kounkel2020,3204.0,0.433819,0.429067
142533887,2.9489986980494705e+18,103.330910717626,-14.1680827190175,,15.9776,17.557,0.112,18.7787,0.0582,14.013,0.043,13.476,0.046,13.131,0.074,17.458,0.001768,18.7735,0.037191,16.0503,0.005479,12.548,0.03,12.389,0.03,12.159,0.375,8.85,,Theia69,35.481338923357534,Kounkel2020,3317.0,0.323574,0.303675
748175448,2.952734872920816e+18,103.076496810186,-12.5526520006046,4.10688,16.6071,,,,,,,,,,,17.0371,0.00308,,0.0,,0.0,,,,,,,,,Theia69,35.481338923357534,Kounkel2020,,,
146875240,2.948051949819268e+18,103.815467472641,-15.3781667364005,5.77696,14.1452,,,16.361,0.206,12.564,0.054,11.976,0.086,11.676,0.04,15.4014,0.001039,16.7912,0.037842,14.208,0.002374,11.483,0.05,11.184,0.044,9.986,0.061,7.099,0.113,Theia69,35.481338923357534,Kounkel2020,3388.0,0.52456,0.521797
146875247,2.9480519498192696e+18,103.815790824377,-15.3803134856554,5.76066,10.0954,11.377,0.125,10.747,0.009,9.531,0.024,9.294,0.022,9.209,0.021,10.5062,0.000918,10.8288,0.002926,10.0475,0.002843,9.125,0.022,9.14,0.02,9.098,0.033,8.119,,Theia69,35.481338923357534,Kounkel2020,6001.0,1.11776,1.107
146873438,2.948917707846993e+18,103.857342789951,-14.5800379706853,5.96082,16.5776,,,,,14.937,0.044,14.309,0.049,14.088,0.07,17.9661,0.002431,19.6669,0.030972,16.6712,0.005477,13.669,0.028,13.531,0.032,12.346,,9.139,,Theia69,35.481338923357534,Kounkel2020,3185.0,0.213048,0.182059
147040137,2.948545286942586e+18,104.20744330302,-14.4372882708533,5.19169,15.0164,19.772,0.162,,,13.279,0.026,12.671,0.022,12.418,0.023,16.3735,0.00148,18.0499,0.044239,15.1068,0.003099,12.316,0.024,12.131,0.024,12.013,0.295,9.03,,Theia69,35.481338923357534,Kounkel2020,3210.0,0.443522,0.439596
35233264,2.952348325864809e+18,101.583845059114,-13.1747167998549,3.79814,12.1499,13.904,0.089,13.016,0.046,11.347,0.024,10.894,0.024,10.76,0.024,12.7455,0.002725,13.2607,0.00984,12.0974,0.008598,10.657,0.023,10.684,0.02,10.532,0.085,8.864,,Theia72,35.481338923357534,Kounkel2020,5006.0,0.939784,0.83
35233279,2.952348394584284e+18,101.58042674435,-13.1696170385842,3.7123,14.7074,19.472,0.162,16.86,1.133,13.026,0.026,12.383,0.024,12.109,0.024,16.0472,0.002041,17.684,0.021224,14.7939,0.00616,11.928,0.023,11.761,0.022,11.777,0.241,8.683,0.396,Theia72,35.481338923357534,Kounkel2020,3235.0,0.616584,0.601413
35644184,2.9488309194468183e+18,102.388268002008,-14.9896903015052,3.69877,14.3069,17.864,0.162,16.311,0.103,12.885,0.024,12.171,0.026,11.989,0.024,15.3931,0.00159,16.5083,0.010121,14.3374,0.003595,11.863,0.023,11.796,0.024,11.899,0.255,8.908,,Theia72,35.481338923357534,Kounkel2020,3636.0,0.640307,0.61981
120013738,2.953814593339942e+18,101.490101837437,-11.6350763700817,3.54248,16.3996,,,,,14.555,0.028,13.969,0.036,13.722,0.038,17.8134,0.001687,19.494,0.056695,16.4936,0.007013,13.617,0.025,13.364,0.031,11.792,,9.133,,Theia72,35.481338923357534,Kounkel2020,3183.0,0.376201,0.364388
369517425,2.952647182567617e+18,101.47900299843,-12.3781554906856,4.3584,11.4617,12.582,0.444,12.125,0.031,10.797,0.026,10.416,0.023,10.3,0.023,11.9519,0.001619,12.3466,0.005795,11.4059,0.004182,10.254,0.022,10.299,0.019,10.201,0.067,8.397,,Theia72,35.481338923357534,Kounkel2020,5523.0,0.915148,0.971
120328593,2.9539593509192064e+18,101.86535446595,-11.1423281577486,3.92182,16.4945,,,,,14.43,0.032,13.871,0.039,13.521,0.04,18.0486,0.002169,20.3811,0.093513,16.6458,0.003881,13.373,0.026,13.134,0.029,12.34,,8.233,,Theia72,35.481338923357534,Kounkel2020,2890.0,0.373981,0.361842
120329767,2.9530822498755133e+18,101.759903431204,-11.7176237089417,3.04028,16.2962,,,,,14.493,0.03,13.911,0.038,13.647,0.045,17.695,0.001906,19.3919,0.027629,16.3904,0.008751,13.513,0.025,13.319,0.028,12.591,,9.127,,Theia72,35.481338923357534,Kounkel2020,3182.0,0.433382,0.428591
35713916,2.953017962805314e+18,102.397480677993,-11.9088272391588,3.18895,16.2367,19.801,0.164,,,14.489,0.035,13.791,0.037,13.539,0.037,17.6223,0.001665,19.3657,0.04344,16.3333,0.003949,13.441,0.025,13.259,0.031,12.258,0.355,8.875,,Theia72,35.481338923357534,Kounkel2020,3168.0,0.434129,0.429406
35582017,2.952305341832581e+18,102.212449807834,-13.303652195963,3.64632,15.6717,19.848,0.163,,,13.986,0.03,13.366,0.036,13.045,0.033,16.9995,0.001828,18.6291,0.020541,15.7562,0.003953,12.884,0.024,12.747,0.025,12.214,0.346,9.033,,Theia72,35.481338923357534,Kounkel2020,3244.0,0.464338,0.461732
120456520,2.9530899421574764e+18,102.06966866604,-11.5246026335413,3.85741,12.5464,14.578,0.05,13.357,0.137,11.623,0.026,11.112,0.025,10.993,0.023,13.1916,0.001151,13.7473,0.002414,12.4732,0.001735,10.891,0.023,10.952,0.02,10.843,0.116,8.919,,Theia72,35.481338923357534,Kounkel2020,4771.0,0.854403,0.768
120837687,2.953129803753757e+18,102.669625740067,-11.4316548243459,3.34202,15.3227,19.655,0.165,,,13.674,0.027,12.988,0.022,12.79,0.03,16.6342,0.00124,18.1984,0.013909,15.4015,0.002848,12.446,0.023,12.323,0.025,11.919,,9.024,,Theia72,35.481338923357534,Kounkel2020,3281.0,0.536179,0.532654
120838102,2.953207491123167e+18,102.696100117513,-11.2056587281927,3.66672,11.674,13.057,0.078,12.239,0.08,10.952,0.023,10.584,0.022,10.493,0.019,12.1626,0.001796,12.5536,0.007843,11.6168,0.005405,10.429,0.022,10.451,0.019,10.415,0.081,8.604,,Theia72,35.481338923357534,Kounkel2020,5618.0,0.974938,0.995
61401954,2.948752647963854e+18,102.617113200315,-15.3881410260106,4.02653,13.9546,17.468,0.162,15.905,0.046,12.456,0.027,11.764,0.023,11.565,0.024,15.0639,0.001614,16.2404,0.007497,13.9915,0.003826,11.489,0.024,11.423,0.023,11.561,0.213,8.747,,Theia72,35.481338923357534,Kounkel2020,3582.0,0.686836,0.654094
123462006,2.953148667250124e+18,102.778214264701,-11.5185281475271,3.35386,16.0146,,,18.7099,0.0727,14.229,0.04,13.608,0.035,13.334,0.056,17.3953,0.002188,18.8035,0.059317,16.0867,0.004296,13.208,0.052,12.992,0.051,12.527,,8.757,,Theia72,35.481338923357534,Kounkel2020,3320.0,0.448369,0.444808
120663727,2.953118980436508e+18,102.474276836982,-11.7029712715754,4.40317,8.76032,8.973,0.034,8.827,0.003,8.601,0.024,8.554,0.04,8.586,0.024,8.82424,0.000402,8.89411,0.001888,8.72577,0.00178,8.515,0.023,8.533,0.019,8.285,0.025,6.822,0.072,Theia72,35.481338923357534,Kounkel2020,8890.0,1.62877,2.239
120834791,2.95322130373683e+18,102.545873045237,-11.1262488320412,4.69772,16.5907,19.052,0.108,,,14.901,0.051,14.361,0.051,14.142,0.057,17.9263,0.001552,19.4685,0.056082,16.6689,0.005231,14.132,0.052,14.022,0.06,12.02,,8.366,0.418,Theia72,35.481338923357534,Kounkel2020,3279.0,0.255428,0.226759
407699489,2.953203367953368e+18,102.755634106752,-11.2541509338733,3.72366,15.6231,19.646,0.166,,,13.815,0.026,13.234,0.022,13.021,0.029,16.9808,0.001253,18.6885,0.021475,15.7154,0.002609,12.893,0.023,12.723,0.024,12.753,,9.107,,Theia72,35.481338923357534,Kounkel2020,3196.0,0.461223,0.458461
123588937,2.952941512386848e+18,103.180044740689,-11.7200738916934,3.14101,14.2352,17.748,0.177,15.835,0.012,12.901,0.024,12.191,0.022,11.964,0.021,15.1699,0.001985,16.1817,0.008502,14.1732,0.005209,11.856,0.024,11.818,0.022,11.851,0.281,8.726,,Theia72,35.481338923357534,Kounkel2020,3909.0,0.782103,0.606
142529792,2.9528211158645545e+18,103.338487370253,-12.4069824358307,3.56986,11.6263,13.079,0.067,12.225,0.069,10.909,0.036,10.588,0.047,10.519,0.035,12.1245,0.000205,12.5314,0.002197,11.5741,0.000692,10.227,0.021,10.259,0.019,10.346,0.073,8.707,,Theia72,35.481338923357534,Kounkel2020,5476.0,1.05123,0.958
123665131,3.049236156633026e+18,103.2050737791,-11.2331462618048,3.704,15.6111,19.96,0.165,,,13.891,0.033,13.258,0.033,13.001,0.034,16.9456,0.002424,18.6001,0.016289,15.6979,0.004014,12.858,0.024,12.7,0.025,12.102,0.375,8.909,,Theia72,35.481338923357534,Kounkel2020,3230.0,0.465897,0.463364
123744498,2.953139390121258e+18,103.258232990788,-11.4995917854552,2.45359,16.2739,19.289,0.184,18.2827,0.0473,14.883,0.036,14.282,0.051,14.015,0.062,17.3692,0.001427,18.5645,0.013886,16.3099,0.004975,13.923,0.029,13.874,0.039,11.937,,9.078,,Theia72,35.481338923357534,Kounkel2020,3578.0,0.446922,0.443256
123946357,2.9529354994329564e+18,103.504893507117,-11.6391093916729,4.69298,13.1843,15.941,0.006,14.315,0.126,11.779,0.022,11.092,0.021,10.958,0.023,14.0567,0.004944,14.9689,0.019553,13.1197,0.012067,10.884,0.022,10.884,0.021,10.528,0.095,8.829,,Theia72,35.481338923357534,Kounkel2020,3976.0,0.798125,0.62
146821822,2.9528625150497853e+18,103.819227863697,-12.0247831845423,3.55139,16.3607,19.752,0.179,18.7531,0.0501,14.869,0.038,14.301,0.041,13.99,0.065,17.5854,0.001722,18.9774,0.021027,16.4202,0.00793,13.939,0.029,13.722,0.037,12.549,,8.962,,Theia72,35.481338923357534,Kounkel2020,3402.0,0.340328,0.323027
142408475,2.952734872916419e+18,103.076242846796,-12.5526951685511,3.81312,15.1055,18.533,0.168,16.772,1.133,12.871,0.027,12.262,0.027,11.979,0.026,16.26,0.00298,17.4486,0.017876,14.6637,0.006156,11.846,0.023,11.693,0.023,11.71,0.224,9.039,,Theia72,35.481338923357534,Kounkel2020,,,
123834427,3.049225814351697e+18,103.424173792458,-11.1819515971602,3.59509,13.0756,15.329,0.103,14.162,0.114,11.902,0.021,11.32,0.025,11.137,0.024,13.8286,0.001496,14.5468,0.005875,13.0147,0.008059,11.021,0.022,11.031,0.019,10.976,0.112,8.827,,Theia72,35.481338923357534,Kounkel2020,4346.0,0.883427,0.679
142409103,2.9527104775078646e+18,103.15093141375,-12.8158046438069,4.09409,15.0224,19.46,0.165,17.5504,0.048,13.383,0.029,12.771,0.032,12.525,0.026,16.2839,0.001386,17.7567,0.01472,15.0912,0.003052,12.363,0.023,12.199,0.023,11.474,0.201,9.103,,Theia72,35.481338923357534,Kounkel2020,3346.0,0.507155,0.505082
748175444,2.952734872916419e+18,103.076242846796,-12.5526951685511,3.81312,15.1055,,,,,,,,,,,16.26,0.00298,17.4486,0.017876,14.6637,0.006156,,,,,,,,,Theia72,35.481338923357534,Kounkel2020,,,
142670882,2.9528268539407524e+18,103.439360289215,-12.3612643059016,3.17817,10.6575,11.352,0.16,10.972,0.011,10.16,0.027,10.006,0.03,9.897,0.023,10.9859,0.000394,11.2295,0.001626,10.605,0.002483,9.791,0.023,9.786,0.02,9.681,0.046,8.37,,Theia72,35.481338923357534,Kounkel2020,6617.0,1.35538,1.385
142671813,2.952921033983275e+18,103.452633493334,-11.9258926590589,3.11484,15.5801,19.958,0.165,18.2172,0.0566,13.913,0.03,13.263,0.034,13.005,0.039,16.8888,0.001581,18.385,0.034514,15.6537,0.003872,12.667,0.025,12.475,0.025,11.549,0.206,8.401,,Theia72,35.481338923357534,Kounkel2020,3313.0,0.525553,0.522734
142675485,2.9495883111627894e+18,103.657419079355,-13.5428786400348,3.02321,10.0255,10.495,0.085,10.117,0.006,9.724,0.024,9.642,0.026,9.6,0.021,10.2178,0.000465,10.3664,0.000823,9.98774,0.000958,9.539,0.023,9.549,0.019,9.421,0.036,8.292,,Theia72,35.481338923357534,Kounkel2020,7534.0,1.56089,1.742
123947364,2.952931032666976e+18,103.605765809781,-11.7298641361222,3.28968,12.6457,14.664,0.104,13.441,0.137,11.765,0.024,11.242,0.024,11.148,0.026,13.2693,0.001398,13.8128,0.004597,12.5875,0.003294,10.992,0.022,11.028,0.022,10.839,0.112,9.049,,Theia72,35.481338923357534,Kounkel2020,4870.0,0.914028,0.794
147117543,2.949733167518721e+18,104.297709323099,-12.8669347778644,3.49122,16.5767,,,,,14.722,0.034,14.038,0.047,13.792,0.049,18.0184,0.003083,19.7197,0.049788,16.6742,0.009175,13.685,0.025,13.528,0.035,12.148,,8.483,,Theia72,35.481338923357534,Kounkel2020,3161.0,0.371213,0.358664
124548338,3.0459241527321e+18,104.676355715891,-11.9738188689751,3.89908,9.37857,9.613,0.049,9.503,0.004,9.213,0.026,9.166,0.024,9.134,0.023,9.4754,0.000408,9.56341,0.002108,9.34768,0.001487,9.079,0.024,9.094,0.02,8.94,0.029,7.536,0.113,Theia72,35.481338923357534,Kounkel2020,8305.0,1.44738,2.046
124415922,3.0489773590831053e+18,104.344841278241,-11.5818479322042,3.39834,14.0894,16.902,-0.073,15.143,0.149,12.796,0.027,12.188,0.026,12.063,0.024,14.907,0.001819,15.66,0.002923,13.9646,0.005104,11.917,0.023,11.956,0.023,12.436,,8.902,,Theia72,35.481338923357534,Kounkel2020,4108.0,,
146916769,2.9494202920403543e+18,104.000588303482,-13.600833142255,3.50428,15.3185,19.866,0.164,,,13.638,0.03,12.994,0.029,12.779,0.035,16.6386,0.002033,18.2451,0.021362,15.401,0.005757,12.553,0.025,12.439,0.025,12.088,0.341,9.171,,Theia72,35.481338923357534,Kounkel2020,3258.0,0.520856,0.518286
147125362,2.9493354578469965e+18,104.370772244529,-13.986218616472,3.97288,16.0643,,,,,14.289,0.032,13.704,0.033,13.384,0.048,17.4501,0.00174,19.1586,0.045146,16.1585,0.003588,13.328,0.025,13.111,0.029,12.421,0.473,8.926,,Theia72,35.481338923357534,Kounkel2020,3183.0,0.388151,0.378043
147258006,3.0459136730121574e+18,104.47548044603,-12.2037239249227,3.70772,15.7713,20.27,0.163,,,13.926,0.027,13.385,0.022,13.038,0.029,17.2202,0.001636,19.1016,0.037184,15.8827,0.005954,12.91,0.025,12.673,0.029,12.466,0.504,8.637,,Theia72,35.481338923357534,Kounkel2020,3082.0,0.460316,0.457506
147379725,3.045856459749241e+18,104.90408221638,-12.2932042485382,3.92613,15.9507,20.023,0.171,18.3199,0.0517,14.478,0.036,13.864,0.038,13.562,0.044,17.1675,0.001252,18.549,0.026813,16.0091,0.003113,13.428,0.026,13.297,0.029,12.287,,8.917,,Theia72,35.481338923357534,Kounkel2020,3411.0,0.367344,0.354215
147910408,2.9482894443336586e+18,105.57787570516,-14.7487726063114,3.7833,11.1866,12.927,0.384,11.54,0.056,10.566,0.024,10.319,0.022,10.284,0.021,11.6105,0.000784,11.9451,0.001474,11.1379,0.001163,10.211,0.023,10.236,0.021,10.181,0.064,8.448,,Theia72,35.481338923357534,Kounkel2020,6020.0,1.04523,1.114
147265315,2.9485608175446605e+18,104.660032903743,-14.3451911729696,3.44845,14.2629,18.133,0.168,16.6393,0.0466,12.472,0.024,11.837,0.022,11.619,0.024,15.3992,0.001005,16.8456,0.008173,14.2086,0.003067,11.491,0.024,11.367,0.021,11.006,0.122,9.095,,Theia72,35.481338923357534,Kounkel2020,3492.0,0.954264,0.455
147580185,3.0456316482810245e+18,105.09989374746,-12.8154242851745,3.93202,12.825,15.643,0.061,14.313,0.126,11.464,0.024,10.854,0.022,10.659,0.023,13.6708,0.002676,14.5335,0.007712,12.7572,0.006682,10.597,0.023,10.585,0.021,10.239,0.072,8.673,0.34,Theia72,35.481338923357534,Kounkel2020,4011.0,1.10382,0.627
147834060,2.9482782086992835e+18,105.531430851272,-14.9228947535786,3.66659,15.7519,,,,,13.882,0.026,13.252,0.022,12.979,0.038,17.2224,0.000963,19.2629,0.022809,15.8764,0.002313,12.846,0.024,12.631,0.025,12.541,,8.976,,Theia72,35.481338923357534,Kounkel2020,3010.0,0.472963,0.47071
147706634,3.0455842962586066e+18,105.334258554847,-12.8649555838175,3.45963,11.7444,13.192,0.038,12.307,0.092,10.947,0.024,10.633,0.022,10.54,0.019,12.2303,0.001573,12.6158,0.006592,11.6838,0.004947,10.503,0.023,10.51,0.02,10.419,0.071,8.826,,Theia72,35.481338923357534,Kounkel2020,5539.0,1.00308,0.975
147842466,3.045564234474392e+18,105.432491488403,-13.1166293667424,3.34229,15.7329,19.635,0.168,,,13.95,0.028,13.343,0.025,13.114,0.038,17.1216,0.001777,18.8988,0.022016,15.8325,0.005099,12.897,0.024,12.705,0.027,12.7,,8.946,,Theia72,35.481338923357534,Kounkel2020,3152.0,0.483039,0.481044
125125928,3.046062313239953e+18,105.302517739926,-11.4760445623385,4.08011,9.7593,10.551,0.088,10.129,0.006,9.421,0.026,9.199,0.022,9.155,0.021,10.0498,0.000249,10.268,0.000712,9.71532,0.00053,9.127,0.022,9.132,0.02,9.301,0.091,8.618,,Theia72,35.481338923357534,Kounkel2020,6780.0,1.51146,1.455
147583296,2.948669699258849e+18,105.078468322035,-13.9135838251142,,12.2493,14.009,0.029,13.016,0.046,11.342,0.024,10.824,0.022,10.716,0.023,12.8406,0.001716,13.3425,0.00413,12.1822,0.002203,10.66,0.023,10.672,0.02,10.485,0.082,8.973,,Theia72,35.481338923357534,Kounkel2020,,,
147306311,2.9484561191205847e+18,104.648132082388,-14.9302452313116,3.61685,15.0484,19.773,0.162,,,13.228,0.024,12.599,0.022,12.358,0.023,16.4151,0.001891,18.1294,0.018785,15.1422,0.005226,12.236,0.023,12.053,0.022,11.986,0.272,9.171,,Theia72,35.481338923357534,Kounkel2020,3189.0,0.581524,0.572746
124945299,3.0460570562001526e+18,105.052067470544,-11.5761291763698,3.6071,15.3981,19.429,0.168,,,13.813,0.021,13.113,0.032,12.922,0.033,16.6975,0.001071,18.2552,0.018713,15.4755,0.003908,12.762,0.024,12.56,0.023,11.776,0.239,8.474,,Theia72,35.481338923357534,Kounkel2020,3289.0,0.487315,0.48538
148303172,3.045741152768041e+18,106.374165012807,-12.1571545122834,4.39763,10.5553,11.569,0.182,10.968,0.012,10.007,0.024,9.774,0.023,9.69,0.019,10.948,0.000708,11.2546,0.001783,10.5089,0.001579,9.661,0.023,9.692,0.02,9.748,0.064,8.55,,Theia72,35.481338923357534,Kounkel2020,6111.0,1.14555,1.151
124805411,3.045947547416228e+18,104.757099708517,-11.9529625748538,3.87377,16.4507,,,,,14.747,0.038,14.103,0.039,13.925,0.057,17.8346,0.001669,19.6161,0.040875,16.5499,0.004867,13.723,0.026,13.558,0.034,12.685,,8.992,,Theia72,35.481338923357534,Kounkel2020,3152.0,0.325443,0.305831
147842462,3.045564200114656e+18,105.426727196347,-13.1175367867681,3.56673,11.267,11.999,0.288,11.352,0.02,10.621,0.023,10.316,0.022,10.255,0.019,11.6962,0.001497,12.0276,0.005482,11.2099,0.003827,10.225,0.023,10.256,0.021,10.365,0.074,8.902,,Theia72,35.481338923357534,Kounkel2020,5892.0,1.08537,1.069
147910583,2.948285286805328e+18,105.627190076138,-14.8143785759811,3.11164,13.9534,15.448,0.047,14.411,0.538,12.741,0.048,12.08,0.051,11.975,0.041,14.7548,0.000289,15.524,0.003448,13.8852,0.002486,11.562,0.022,11.631,0.022,11.579,0.205,9.063,,Theia72,35.481338923357534,Kounkel2020,4271.0,0.738302,0.668
147909414,2.94840568332814e+18,105.576644600844,-14.3868714829032,3.67547,8.61727,8.652,0.033,8.63,0.03,8.531,0.021,8.549,0.027,8.537,0.023,8.59841,0.000538,8.62181,0.001846,8.59089,0.002979,8.524,0.023,8.537,0.019,8.449,0.026,7.85,0.212,Theia72,35.481338923357534,Kounkel2020,9943.0,1.83327,2.544
148507157,3.0449533526860646e+18,106.560242443572,-12.5361131435213,4.39543,15.132,15.66,0.113,,,13.278,0.028,12.651,0.071,12.37,0.043,16.3468,0.001363,17.9333,0.008763,15.0967,0.003136,12.259,0.036,12.111,0.034,11.512,0.246,8.557,,Theia72,35.481338923357534,Kounkel2020,3424.0,0.571803,0.415
147966447,3.044810003856932e+18,105.668439052217,-13.1897613509969,3.65757,7.89248,7.82,0.075,7.845,0.025,7.92,0.034,7.914,0.034,7.931,0.023,7.83181,0.00056,7.83166,0.002287,7.86295,0.002102,7.892,0.025,7.923,0.021,7.94,0.021,8.304,0.266,Theia72,35.481338923357534,Kounkel2020,11123.0,2.3535,2.909
142406539,2.952885776593595e+18,103.009403906986,-12.1910769856993,2.34587,11.8262,13.165,0.054,12.384,0.057,11.139,0.024,10.809,0.024,10.768,0.024,12.2929,0.000209,12.6629,0.001418,11.7705,0.001284,10.679,0.024,10.688,0.02,10.958,0.13,8.922,,Theia118,34.673685045253166,Kounkel2020,5753.0,1.35548,1.029
142411373,2.9492062308722857e+18,103.129695105224,-13.7642449199093,1.99253,16.1077,19.66,0.177,18.1273,0.0553,14.716,0.032,14.003,0.037,13.77,0.054,17.2131,0.001242,18.3993,0.038665,16.1438,0.006866,13.743,0.026,13.699,0.033,12.125,,8.936,,Theia118,34.673685045253166,Kounkel2020,3577.0,0.560788,0.554856
120332066,2.953953750281808e+18,101.987581067454,-11.1069088938741,2.25741,9.916,6.573,0.998,9.9599,0.0459,9.746,0.023,9.66,0.023,9.659,0.023,9.93926,0.000699,9.98534,0.001512,9.87098,0.001807,9.614,0.046,9.604,0.038,9.798,0.075,8.443,,Theia118,34.673685045253166,Kounkel2020,9939.0,1.74392,2.54
61501108,2.9527941091096315e+18,102.874321068079,-12.2664728028742,1.85035,12.8234,13.932,0.073,13.316,0.126,12.273,0.038,11.903,0.045,11.819,0.036,13.2456,0.00039,13.5668,0.001502,12.7628,0.001621,11.547,0.023,11.602,0.022,11.512,0.176,8.836,,Theia118,34.673685045253166,Kounkel2020,6043.0,0.994262,1.123
95334916,2.9528507339592924e+18,103.79830830523,-12.2270449774506,1.88692,15.6505,19.027,0.162,17.4347,0.047,14.342,0.024,13.664,0.04,13.512,0.043,16.6857,0.001238,17.7049,0.013308,15.6696,0.005807,13.301,0.025,13.25,0.032,11.818,0.232,8.008,,Theia118,34.673685045253166,Kounkel2020,3741.0,0.626567,0.609245
147577277,3.045893984881795e+18,104.927738606685,-12.1219849372798,1.52973,14.0746,15.638,0.064,14.809,0.16,13.294,0.027,12.859,0.025,12.779,0.032,14.6117,0.000351,15.0533,0.002253,14.0157,0.001253,12.665,0.024,12.729,0.026,12.536,,9.155,,Theia118,34.673685045253166,Kounkel2020,5304.0,0.845712,0.912
124550407,3.049098820759863e+18,104.660819353113,-11.097057717737,2.18789,9.24351,9.46,0.042,9.353,0.004,9.104,0.026,9.091,0.024,9.044,0.023,9.30654,0.000532,9.37539,0.001164,9.21176,0.001156,8.997,0.023,9.028,0.02,8.993,0.031,8.586,0.35,Theia118,34.673685045253166,Kounkel2020,8788.0,2.61061,2.208
147376862,2.94957573549694e+18,104.769852186268,-12.7067881818753,2.02315,14.0826,16.421,0.049,15.158,0.046,13.037,0.026,12.417,0.023,12.326,0.027,14.8208,0.00125,15.512,0.004294,14.031,0.004424,12.209,0.024,12.219,0.023,12.132,0.309,8.774,,Theia118,34.673685045253166,Kounkel2020,4511.0,0.941762,0.709
147577244,3.0458936756446925e+18,104.970898679441,-12.1354547814187,2.3429,14.4089,16.655,0.0,15.351,0.012,13.394,0.029,12.755,0.022,12.636,0.033,15.1341,0.000682,15.8122,0.004643,14.3471,0.0017,12.531,0.024,12.601,0.025,11.494,0.186,8.922,,Theia118,34.673685045253166,Kounkel2020,4434.0,0.69221,0.694
147581521,2.9494906607855995e+18,105.050050730811,-13.2981446176184,2.08059,15.6451,19.023,0.181,17.3995,0.0466,14.37,0.037,13.653,0.027,13.428,0.043,16.6609,0.001677,17.6837,0.011307,15.6631,0.003332,13.346,0.025,13.331,0.029,11.88,,8.821,,Theia118,34.673685045253166,Kounkel2020,3753.0,0.603626,0.591037
142673036,2.9498216137842253e+18,103.681456916581,-12.4137118376151,2.13608,12.1737,13.394,0.063,12.678,0.103,11.572,0.021,11.346,0.022,11.262,0.023,12.5932,0.000694,12.9171,0.002282,12.1186,0.001814,11.23,0.022,11.26,0.021,11.239,0.169,8.9,,Theia118,34.673685045253166,Kounkel2020,6044.0,1.15936,1.124
147120534,3.045918002339191e+18,104.402032216889,-12.1476744889179,1.63216,15.3146,16.938,0.112,16.7601,0.0464,14.1,0.026,13.389,0.022,13.213,0.034,16.1746,0.001768,17.0387,0.009243,15.2477,0.005363,,,,,,,,,Theia118,34.673685045253166,Kounkel2020,4055.0,0.856449,0.63
147702359,3.045642879612495e+18,105.195568685625,-12.6875467092831,1.63947,12.4661,13.52,0.07,12.908,0.103,11.816,,11.632,,11.639,0.033,12.8451,0.000385,13.1312,0.001901,12.4098,0.001025,11.462,0.022,11.486,0.022,11.813,0.306,9.022,,Theia118,34.673685045253166,Kounkel2020,6383.0,1.22419,1.28
146982614,2.949823537930152e+18,104.098519566099,-12.5503899145229,1.90417,14.4677,16.722,0.108,15.37,0.092,13.391,0.024,12.851,0.027,12.686,0.021,15.1878,0.000637,15.8479,0.00396,14.4073,0.002364,12.394,0.025,12.469,0.026,12.107,0.336,9.057,,Theia118,34.673685045253166,Kounkel2020,4552.0,0.81279,0.718
147263211,2.9494550597976643e+18,104.575115438597,-13.6011966713924,2.72198,16.0888,20.242,0.167,18.4732,0.0733,14.461,0.026,13.832,0.033,13.608,0.045,17.3362,0.001686,18.6682,0.064791,16.1457,0.003756,13.476,0.026,13.3,0.032,12.347,0.421,9.217,,Theia118,34.673685045253166,Kounkel2020,3420.0,0.475337,0.473159
147844208,3.0456684776186363e+18,105.490903374982,-12.4799943672435,2.29152,15.9523,19.776,0.176,17.8283,0.0599,14.693,0.037,13.995,0.035,13.733,0.051,17.0261,0.001568,18.0857,0.051481,15.977,0.008317,13.602,0.025,13.682,0.036,12.361,,8.902,,Theia118,34.673685045253166,Kounkel2020,3682.0,0.514937,0.512622
147426997,2.949489870511709e+18,104.908838591212,-13.3062570586532,1.78848,12.3015,13.352,0.026,12.758,0.08,11.767,0.024,11.513,0.022,11.491,0.023,12.6733,0.000392,12.9528,0.001378,12.244,0.001989,11.454,0.023,11.478,0.021,11.862,0.286,8.591,,Theia118,34.673685045253166,Kounkel2020,6505.0,1.19622,1.334
125126482,3.046092721608279e+18,105.34676299806,-11.2612846453756,2.20894,12.4005,13.608,0.041,12.935,0.08,11.827,0.022,11.514,0.023,11.466,0.023,12.8292,0.000254,13.1636,0.001383,12.3471,0.0009860001,11.437,0.026,11.591,0.038,10.942,,8.385,,Theia118,34.673685045253166,Kounkel2020,5952.0,1.02971,1.089
125498864,3.045804031088561e+18,105.88080493122,-11.8042993546696,1.77832,14.4147,16.61,0.11,15.366,0.115,13.351,0.029,12.769,0.036,12.663,0.034,15.0761,0.001838,15.6493,0.008492,14.3455,0.004917,12.169,0.024,12.242,0.029,9.125,0.066,7.144,0.158,Theia118,34.673685045253166,Kounkel2020,4806.0,0.792117,0.78
125122526,3.046111722543495e+18,105.292340696471,-11.0384256642245,1.77734,12.5817,13.643,0.026,13.045,0.08,12.077,0.023,11.802,0.022,11.775,0.024,12.9674,0.000432,13.2567,0.000837,12.524,0.000934,11.677,0.022,11.722,0.021,10.67,0.091,8.653,0.384,Theia118,34.673685045253166,Kounkel2020,6210.0,1.08823,1.19
148170457,3.0448454287469025e+18,106.025123947187,-12.8684522769906,2.45224,9.4148,9.512,0.043,9.397,0.004,9.312,0.027,9.249,0.022,9.223,0.024,9.44248,0.000525,9.49768,0.002676,9.37792,0.001608,9.09,0.023,9.099,0.02,9.157,0.031,8.349,0.28,Theia118,34.673685045253166,Kounkel2020,9791.0,2.02997,2.5
147705691,3.0456469040052705e+18,105.316042854301,-12.5171820798144,2.12169,13.5809,15.226,0.031,14.206,0.16,12.692,0.026,12.33,0.026,12.205,0.026,14.1414,0.001086,14.6099,0.004507,13.5243,0.004302,12.219,0.024,12.272,0.024,12.624,,8.988,,Theia118,34.673685045253166,Kounkel2020,5246.0,0.800618,0.896
147845873,3.045790115394752e+18,105.644608572755,-12.026943271377,1.7338,16.5491,19.81,0.184,18.4638,0.048,15.254,0.044,14.479,0.052,14.411,0.097,17.6289,0.00145,18.7295,0.018157,16.5769,0.005354,14.408,0.039,14.491,0.055,12.06,,8.873,,Theia118,34.673685045253166,Kounkel2020,3649.0,0.505185,0.503157
148300547,3.04494967619333e+18,106.265898591398,-12.6054034892506,1.54629,13.4702,14.921,0.035,14.158,0.069,12.68,0.024,12.33,0.022,12.238,0.027,13.9761,0.000333,14.3814,0.001741,13.4111,0.001043,12.186,0.023,12.227,0.024,12.479,0.486,8.993,,Theia118,34.673685045253166,Kounkel2020,5726.0,1.016,1.022
148027507,3.045722078813097e+18,105.908775308337,-12.3710738979421,2.0401,16.4571,20.08,0.175,18.6711,0.0483,14.965,0.034,14.352,0.047,14.098,0.068,17.6356,0.001571,18.9091,0.016778,16.5046,0.006042,13.947,0.026,14.004,0.037,11.836,,9.102,,Theia118,34.673685045253166,Kounkel2020,3486.0,0.497611,0.49569
147700345,2.9494731330166395e+18,105.211442375507,-13.4383007723804,2.30998,15.982,19.553,0.179,17.997,0.0472,14.662,0.038,13.921,0.029,13.718,0.056,17.0982,0.001619,18.2525,0.012995,16.0166,0.005184,13.553,0.027,13.548,0.035,12.58,0.448,8.816,,Theia118,34.673685045253166,Kounkel2020,3591.0,0.514755,0.512447
125268549,3.0460089182071854e+18,105.513029565247,-11.6119716640491,1.71414,14.5018,16.466,0.056,15.584,0.332,13.577,0.026,13.042,0.03,12.916,0.031,15.1397,0.000521,15.6942,0.002849,14.4389,0.002809,12.781,0.03,12.838,0.029,9.917,0.072,7.572,0.234,Theia118,34.673685045253166,Kounkel2020,4842.0,0.758978,0.79
177127814,3.0462177910580726e+18,106.3828161071,-11.3196583871912,1.81875,11.8586,12.497,0.511,12.093,0.036,11.298,0.026,11.058,0.026,10.955,0.024,12.2511,0.000544,12.5541,0.002455,11.7961,0.001429,10.919,0.022,10.948,0.022,10.793,0.123,8.688,,Theia118,34.673685045253166,Kounkel2020,6905.0,1.48247,1.5
148511173,3.044510966752087e+18,106.570916615697,-13.9432137256585,1.97495,16.2038,19.974,0.177,17.9833,0.0466,14.906,0.039,14.193,0.032,14.095,0.072,17.2323,0.000732,18.2609,0.011259,16.2229,0.003043,13.728,0.026,13.688,0.038,12.549,0.526,8.983,,Theia118,34.673685045253166,Kounkel2020,3738.0,0.507628,0.505543
124711736,3.0490787546727107e+18,104.809109980806,-11.3164109854874,1.60116,15.8567,,,17.2121,0.0464,14.689,0.036,13.973,0.042,13.837,0.047,16.6794,0.002044,17.4954,0.010464,15.7905,0.004329,13.729,0.036,13.776,0.043,12.343,,8.888,,Theia265,123.02687708123813,Kounkel2020,4112.0,0.638617,0.64
147705853,3.045642746476167e+18,105.3680947035,-12.5766366876927,1.23358,16.0874,18.938,0.102,17.4365,0.0468,14.878,0.034,14.106,0.037,14.062,0.058,16.9117,0.000961,17.712,0.015541,16.0205,0.002691,14.031,0.028,14.014,0.039,12.091,,8.59,,Theia265,123.02687708123813,Kounkel2020,4219.0,0.723912,0.66
125269645,3.045991978856005e+18,105.635468759929,-11.7760305090189,1.38109,14.1705,15.679,0.039,14.897,0.046,13.496,0.029,13.073,0.032,13.022,0.043,14.6871,0.000391,15.1068,0.002999,14.113,0.001695,12.885,0.026,12.913,0.032,10.864,0.188,7.789,0.266,Theia265,123.02687708123813,Kounkel2020,5478.0,0.853981,0.96
125268182,3.04601548091698e+18,105.503504892211,-11.4762900360635,1.33156,14.9082,16.895,0.086,15.948,0.126,13.944,0.026,13.414,0.026,13.247,0.034,15.5739,0.00059,16.1622,0.002613,14.853,0.002434,13.143,0.035,13.135,0.042,11.314,0.349,7.847,,Theia265,123.02687708123813,Kounkel2020,4865.0,0.837268,0.79
125497863,3.0460215969503826e+18,105.780060972359,-11.5947249796717,1.22954,12.272,13.167,0.009,12.699,0.092,11.798,0.023,11.577,0.022,11.587,0.023,12.6018,0.000286,12.8463,0.001542,12.2166,0.001138,11.47,0.023,11.478,0.022,9.657,0.148,7.345,0.331,Theia265,123.02687708123813,Kounkel2020,6732.0,1.6443,1.43
125642813,3.045811452792002e+18,106.036024870051,-11.8619424109554,1.39157,14.4031,16.101,0.011,15.256,0.149,13.604,0.026,13.158,0.028,13.092,0.038,14.9767,0.00063,15.4541,0.002671,14.3428,0.001976,13.006,0.026,13.063,0.031,12.534,,8.481,,Theia265,123.02687708123813,Kounkel2020,5251.0,0.845627,0.9
125644896,3.046409002999041e+18,106.097434435511,-11.2523090732453,1.5433,13.4586,15.026,0.112,14.124,0.149,12.84,0.024,12.501,0.024,12.447,0.029,13.9256,0.000612,14.2905,0.002422,13.3978,0.003013,12.372,0.025,12.465,0.028,11.346,,8.58,,Theia265,123.02687708123813,Kounkel2020,6015.0,0.94739,1.11
125126239,3.046067669059062e+18,105.307082766067,-11.3544269619644,2.20353,16.4197,19.733,0.181,18.6131,0.0684,15.0,0.04,14.312,0.041,14.129,0.065,17.5984,0.002159,18.8449,0.060421,16.4653,0.008394,14.072,0.121,14.338,0.17,10.831,0.413,8.358,,Theia265,123.02687708123813,Kounkel2020,3500.0,0.466079,0.463554
125269065,3.0459883023641866e+18,105.494504014023,-11.8232558536925,1.48678,14.3429,15.989,0.029,15.1,0.16,13.564,0.029,13.07,0.03,13.047,0.038,14.9126,0.000961,15.3908,0.005812,14.2851,0.00187,12.887,0.026,12.886,0.031,11.952,,8.828,,Theia265,123.02687708123813,Kounkel2020,5178.0,0.817558,0.88
125497952,3.046018126616824e+18,105.760799202126,-11.6379230651458,1.47201,12.2016,13.924,0.112,12.642,0.092,11.752,0.023,11.531,0.022,11.484,0.019,12.5257,0.000262,12.7661,0.002025,12.1432,0.002667,11.304,0.023,11.285,0.022,9.127,0.068,7.533,0.205,Theia265,123.02687708123813,Kounkel2020,6933.0,1.4096,1.51
125645090,3.0464115799793705e+18,106.134811531837,-11.188293720587,1.19021,13.5754,14.733,0.031,14.088,0.137,12.966,0.027,12.725,0.03,12.626,0.031,13.9949,0.000528,14.3103,0.002468,13.5107,0.001309,12.57,0.026,12.641,0.032,12.1,,8.215,,Theia265,123.02687708123813,Kounkel2020,6187.0,1.07295,1.18
148173894,3.0457205712849004e+18,106.147392576134,-12.3223061198001,1.43603,14.383,16.056,0.0,15.309,0.263,13.589,0.026,13.187,0.029,13.045,0.03,14.9486,0.000896,15.4163,0.002978,14.3226,0.00155,13.039,0.025,13.083,0.029,12.314,0.537,8.3,,Theia265,123.02687708123813,Kounkel2020,5324.0,0.811993,0.92
125267595,3.0460905225849487e+18,105.523569575863,-11.2639926628321,1.17007,13.8694,15.184,0.017,14.501,0.092,13.212,0.024,12.923,0.021,12.817,0.021,14.3241,0.000342,14.6719,0.001722,13.8036,0.001645,12.835,0.032,12.926,0.041,10.244,,8.244,,Theia265,123.02687708123813,Kounkel2020,5863.0,1.02148,1.06
125499201,3.0460170571633787e+18,105.818982235977,-11.664588657073,1.51713,11.2534,11.45,0.167,10.986,0.012,11.011,0.024,10.912,0.022,10.869,0.019,11.3878,0.000587,11.4935,0.002252,11.1938,0.00107,10.839,0.023,10.884,0.023,10.513,,7.06,,Theia265,123.02687708123813,Kounkel2020,8601.0,1.64184,2.148
125267312,3.04609550474696e+18,105.487440390877,-11.144380178679,1.18049,16.1212,19.025,0.107,17.3261,0.0462,15.049,0.043,14.379,0.039,14.345,0.074,16.8859,0.001182,17.611,0.009317,16.0687,0.003272,14.218,0.033,14.538,0.063,12.253,0.432,8.842,,Theia265,123.02687708123813,Kounkel2020,4443.0,0.656962,0.7
148299498,3.0448290735120584e+18,106.176133858208,-12.9571672871024,1.49891,14.3739,16.236,0.091,15.166,0.092,13.429,0.026,13.026,0.027,12.86,0.023,14.9673,0.001428,15.4616,0.005924,14.3097,0.003613,12.838,0.024,12.836,0.027,12.305,,8.975,,Theia265,123.02687708123813,Kounkel2020,5207.0,0.82455,0.89
148028099,3.0456096924083814e+18,105.903152932032,-12.5912313196861,1.18914,16.2306,19.147,0.116,17.5158,0.0462,15.03,0.065,14.454,0.073,14.424,0.11,17.028,0.001096,17.7892,0.009085,16.1613,0.002553,,,,,,,,,Theia265,123.02687708123813,Kounkel2020,4291.0,0.665857,0.67
125640922,3.046045373889193e+18,105.938307207397,-11.3127384870937,1.07678,14.0241,15.368,0.036,14.675,0.195,13.387,0.026,13.045,0.022,13.003,0.033,14.4946,0.000424,14.8645,0.001763,13.9648,0.001523,13.008,0.035,13.039,0.044,11.084,,7.991,,Theia265,123.02687708123813,Kounkel2020,5916.0,1.05131,1.08
125497179,3.0460415943180503e+18,105.696328048098,-11.3346514145103,1.12479,14.449,15.917,0.07,15.125,0.206,13.731,0.024,13.345,0.029,13.292,0.029,14.9552,0.000563,15.359,0.002627,14.3875,0.002355,13.17,0.032,13.231,0.04,9.5,0.121,6.695,0.15,Theia265,123.02687708123813,Kounkel2020,5620.0,0.893171,1.0
177128005,3.0464126451315384e+18,106.388967818408,-11.2252841633969,1.23756,15.5222,18.06,0.112,16.443,0.229,14.495,0.043,13.925,0.068,13.821,0.066,16.232,0.000845,16.8421,0.005182,15.442,0.0039,,,,,,,,,Theia265,123.02687708123813,Kounkel2020,4804.0,0.730129,0.78
148302870,3.045756064894431e+18,106.389022684349,-12.0584825041044,2.09652,16.0012,17.636,0.0,16.412,0.06,14.543,0.053,13.91,0.068,13.751,0.059,16.9493,0.001488,17.9738,0.009853,15.919,0.005359,13.295,0.027,13.326,0.033,12.443,,8.734,,Theia265,123.02687708123813,Kounkel2020,3860.0,0.529275,0.59
142613618,2.948006251365988e+18,103.439128936872,-15.4633297961852,1.80639,14.4097,16.974,0.106,15.539,0.343,13.325,0.026,12.727,0.022,12.597,0.027,15.1667,0.000459,15.8714,0.002271,14.3589,0.002342,12.507,0.024,12.555,0.026,11.968,0.272,9.208,,Theia283,112.20184543019651,Kounkel2020,4566.0,0.924916,0.72
146911716,2.948032704064616e+18,103.991689459098,-15.6045408958811,1.35618,16.6689,20.04,0.181,18.3487,0.0471,15.254,0.042,14.489,0.041,14.312,0.079,17.6235,0.001644,18.5466,0.014411,16.5451,0.004768,14.123,0.027,14.291,0.04,12.628,,8.864,,Theia283,112.20184543019651,Kounkel2020,3992.0,,
146912260,2.948049510277805e+18,103.936915736767,-15.3826985139417,1.13303,12.603,13.545,0.036,13.094,0.092,12.047,0.029,11.831,0.027,11.672,0.023,12.9475,0.000272,13.2013,0.001686,12.5387,0.000717,11.593,0.024,11.599,0.021,11.546,0.189,8.735,,Theia283,112.20184543019651,Kounkel2020,6899.0,1.55871,1.5
146876609,2.947736527422286e+18,103.909185236969,-15.9508707039135,1.06,13.93,15.31,0.034,14.5,0.069,13.264,0.023,12.979,0.027,12.93,0.03,14.3939,0.000685,14.7591,0.003214,13.8719,0.001451,12.905,0.024,12.939,0.026,12.583,,9.128,,Theia283,112.20184543019651,Kounkel2020,6128.0,1.0904,1.16
142522117,2.94889252645892e+18,103.293205170503,-14.8415112205152,1.53324,12.6357,13.686,0.055,13.084,0.069,12.089,0.023,11.902,0.027,11.854,0.026,13.0119,0.000474,13.2925,0.00151,12.5745,0.00086,11.77,0.024,11.781,0.023,11.504,0.215,8.843,,Theia283,112.20184543019651,Kounkel2020,6528.0,1.20051,1.34
147184326,2.94806648398874e+18,104.516381892135,-15.2379651974934,1.0496,13.9804,15.45,0.174,14.525,0.149,13.284,0.023,12.97,0.033,12.852,0.033,14.4868,0.000439,14.8951,0.00184,13.9241,0.001868,12.817,0.025,12.85,0.027,12.445,,8.828,,Theia283,112.20184543019651,Kounkel2020,6038.0,1.14845,1.12
147182821,2.947821151156362e+18,104.519743521677,-15.8194109371239,1.26444,13.6513,14.847,0.054,14.251,0.137,13.024,0.026,12.813,0.027,12.735,0.034,14.0701,0.000429,14.3908,0.001903,13.5895,0.001216,12.665,0.024,12.7,0.026,12.655,0.496,8.818,,Theia283,112.20184543019651,Kounkel2020,6459.0,0.96681,1.31
147433352,2.94780466278238e+18,104.916479014112,-15.7040661275592,1.16749,12.0054,12.991,0.044,12.482,0.069,11.442,0.023,11.216,0.029,11.148,0.024,12.3579,0.0002,12.6255,0.001015,11.9363,0.000646,11.06,0.022,11.086,0.022,10.906,0.123,8.316,,Theia283,112.20184543019651,Kounkel2020,7301.0,2.01344,1.65
146988478,2.9481379866037955e+18,104.148203229767,-14.8908952919497,1.36929,15.0891,16.429,0.115,15.944,0.229,14.224,0.034,13.733,0.029,13.611,0.044,15.6778,0.000811,16.1734,0.00642,15.0301,0.002318,13.598,0.026,13.658,0.037,12.234,,9.224,,Theia283,112.20184543019651,Kounkel2020,5184.0,0.645469,0.88
147129838,2.947837613772356e+18,104.386657443819,-15.7169802886153,1.31521,10.4049,10.849,0.119,10.597,0.009,10.124,0.024,10.068,0.022,10.032,0.024,10.5313,0.000491,10.6342,0.001047,10.3565,0.00097,10.015,0.024,10.012,0.021,9.907,0.054,8.846,0.446,Theia283,112.20184543019651,Kounkel2020,8404.0,2.76129,2.08
147036685,2.947835414749183e+18,104.288579566777,-15.7904595417738,1.6506,15.2961,17.536,0.114,16.372,0.138,14.118,0.043,13.472,0.047,13.409,0.056,16.0994,0.00072,16.8528,0.004108,15.2206,0.006913,12.935,0.024,13.001,0.029,12.104,0.294,8.951,,Theia283,112.20184543019651,Kounkel2020,4344.0,0.73712,0.68
147482022,2.948244188255577e+18,105.03189147166,-15.2610060879828,1.49303,16.2853,19.042,0.105,17.8908,0.0465,14.958,0.042,14.314,0.039,14.098,0.069,17.2424,0.00163,18.1814,0.01048,16.2927,0.005295,14.016,0.027,14.163,0.045,12.553,0.512,8.614,,Theia283,112.20184543019651,Kounkel2020,3874.0,0.611656,0.597496
147587545,2.9478151081426417e+18,105.1384145588,-15.5137670697811,1.24197,15.307,17.289,0.099,16.053,0.183,14.444,0.026,13.839,0.033,13.826,0.063,15.9296,0.000373,16.4724,0.002733,15.2517,0.001116,13.81,0.028,13.906,0.039,12.627,,9.02,,Theia283,112.20184543019651,Kounkel2020,4922.0,0.696119,0.81
147767959,2.9477948659584343e+18,105.342910552205,-15.6709244334078,1.53808,16.6737,20.149,0.183,18.4894,0.0472,15.296,0.051,14.606,0.044,14.363,0.069,17.7596,0.000892,18.6983,0.015657,16.6902,0.003808,14.237,0.031,14.166,0.046,12.51,,8.993,,Theia283,112.20184543019651,Kounkel2020,3764.0,0.554424,0.549217
142461626,2.9487698235360614e+18,103.155165441161,-15.2729955189852,3.36089,15.9739,20.35,0.168,18.303,0.0496,14.457,0.037,13.769,0.035,13.517,0.051,17.1891,0.002108,18.525,0.021108,16.0288,0.004914,13.375,0.026,13.281,0.031,12.694,,8.621,,Theia308,173.78008287493762,Kounkel2020,3434.0,0.420377,0.414282
35479505,2.9472175922904627e+18,101.992669556253,-15.7940030345677,2.89934,15.6244,19.851,0.166,,,13.931,0.043,13.248,0.049,13.018,0.048,16.9345,0.001616,18.5002,0.026134,15.7031,0.005855,12.622,0.023,12.495,0.024,12.309,,8.653,,Theia319,120.22644346174133,Kounkel2020,3280.0,0.54978,0.545057
35242594,2.949032748551733e+18,101.809760561466,-14.8221953742015,1.92186,10.9618,11.501,0.19,11.157,0.013,10.678,0.027,10.624,0.023,10.567,0.023,11.1223,0.000614,11.2437,0.001753,10.9143,0.001081,10.528,0.022,10.55,0.02,10.415,0.082,8.78,,Theia319,120.22644346174133,Kounkel2020,7952.0,1.52666,1.91
35298187,2.947211613696076e+18,101.886230452415,-15.9283656631709,2.22516,10.636,11.467,0.198,11.403,0.018,10.084,0.026,9.855,0.024,9.762,0.019,10.9991,0.001068,11.2825,0.001419,10.589,0.001106,9.743,0.023,9.752,0.02,9.766,0.047,8.905,0.46,Theia319,120.22644346174133,Kounkel2020,6622.0,2.04889,1.388
61401987,2.9487524418054216e+18,102.635381513719,-15.4004377470873,2.15336,15.0541,17.469,0.046,16.376,0.366,13.847,0.03,13.231,0.031,13.037,0.034,15.8868,0.001556,16.7043,0.007936,15.019,0.004787,12.974,0.025,12.988,0.028,12.513,,9.027,,Theia319,120.22644346174133,Kounkel2020,4382.0,0.656633,0.685
340887962,2.9475796064950205e+18,101.444875287925,-14.9220547506693,1.69805,15.5623,18.21,0.115,16.9637,0.0473,14.333,0.057,13.69,0.065,13.528,0.062,16.408,0.001864,17.2317,0.017048,15.4888,0.008425,12.944,0.024,12.947,0.027,12.047,,8.758,,Theia319,120.22644346174133,Kounkel2020,4158.0,0.704063,0.65
35633754,2.9472504058408965e+18,102.283009555479,-15.5601915627358,2.32461,14.9031,17.711,0.046,16.314,0.252,13.828,0.03,13.105,0.023,12.938,0.027,15.713,0.001196,16.5082,0.004645,14.8483,0.002537,12.486,0.024,12.474,0.025,11.998,0.286,9.02,,Theia319,120.22644346174133,Kounkel2020,4240.0,0.649393,0.663
35166987,2.9475321900560364e+18,101.575536040717,-14.9229063655951,2.11271,9.46559,9.571,0.046,9.465,0.004,9.338,0.03,9.315,0.026,9.321,0.024,9.4639,0.000524,9.50526,0.001624,9.41059,0.002276,9.299,0.024,9.317,0.02,9.291,0.036,8.205,,Theia319,120.22644346174133,Kounkel2020,11998.0,2.04767,3.204
35644356,2.9488323582556897e+18,102.357314025579,-14.9144761740417,3.14305,11.1697,12.301,0.043,11.697,0.046,10.621,0.026,10.393,0.026,10.294,0.023,11.5713,0.00045,11.882,0.002541,11.1164,0.001176,10.237,0.023,10.244,0.02,10.179,0.068,8.58,,Theia319,120.22644346174133,Kounkel2020,6332.0,1.20995,1.252
147184242,2.9480661747510973e+18,104.537995553841,-15.2674527684648,2.89859,13.9507,,,15.049,0.16,12.853,0.032,12.259,0.029,12.165,0.029,14.6984,0.000565,15.4096,0.003405,13.8909,0.002318,12.077,0.051,12.118,0.048,12.425,0.534,9.073,,Theia319,120.22644346174133,Kounkel2020,4367.0,0.721013,0.683
147366938,2.948451313059217e+18,104.784466649841,-15.0104003222903,2.25341,10.015,10.302,0.079,10.114,0.006,9.838,0.024,9.774,0.022,9.782,0.023,10.1015,0.000586,10.183,0.001226,9.98028,0.001117,9.71,0.022,9.702,0.02,9.686,0.049,8.737,,Theia319,120.22644346174133,Kounkel2020,8542.0,1.83564,2.128
147433609,2.947780336086568e+18,104.810827032,-15.8076446932251,1.72576,15.1093,17.042,0.112,16.543,0.343,14.181,0.026,13.483,0.031,13.363,0.038,15.8321,0.000997,16.5039,0.003909,15.0499,0.002826,13.354,0.025,13.497,0.032,12.572,,8.768,,Theia319,120.22644346174133,Kounkel2020,4481.0,0.673432,0.7
146990707,2.947741853181578e+18,104.151203998885,-15.8488279736804,1.99032,16.028,19.202,0.183,17.8547,0.0477,14.706,0.037,13.983,0.033,13.909,0.063,17.0677,0.001082,18.1391,0.017298,16.0511,0.004455,13.71,0.027,13.69,0.039,11.994,,8.964,,Theia319,120.22644346174133,Kounkel2020,3698.0,0.536033,0.532519
147308341,2.9478326659699057e+18,104.594568869384,-15.672593969213,2.03305,14.5268,16.155,0.184,15.546,0.149,13.514,0.027,12.922,0.026,12.753,0.03,15.2453,0.000355,15.9092,0.002492,14.4692,0.001463,12.711,0.024,12.768,0.028,12.066,,8.936,,Theia319,120.22644346174133,Kounkel2020,4529.0,0.741074,0.713
142717833,2.948103592505496e+18,103.657627367932,-15.2597642190423,1.72048,16.0216,19.321,0.181,17.8431,0.0473,14.685,0.036,14.141,0.047,13.81,0.058,17.081,0.001283,18.0956,0.013548,16.042,0.008325,13.642,0.026,13.705,0.035,12.241,0.329,8.842,,Theia319,120.22644346174133,Kounkel2020,3725.0,0.610025,0.596192
147959527,2.9361679127531366e+18,105.720832052157,-15.5645428089151,1.33225,13.7114,15.04,0.027,14.199,0.114,13.034,0.03,12.702,0.025,12.686,0.033,14.1581,0.000204,14.5032,0.001241,13.6499,0.0009860001,12.566,0.024,12.611,0.026,11.585,0.193,8.973,,Theia319,120.22644346174133,Kounkel2020,6166.0,0.938995,1.17
147480308,2.9477863103824625e+18,105.044830865777,-15.932500271925,1.39956,16.4875,20.295,0.174,18.4947,0.0476,15.044,0.035,14.436,0.055,14.367,0.096,17.6052,0.001077,18.7449,0.016229,16.5209,0.003462,14.104,0.028,14.095,0.043,12.379,,8.898,,Theia319,120.22644346174133,Kounkel2020,3599.0,0.591047,0.580722
147711450,2.948306516820013e+18,105.368806943866,-14.636119516466,1.20776,16.5267,19.797,0.186,18.1029,0.0475,15.334,0.049,14.652,0.038,14.473,0.092,17.4782,0.002046,18.3836,0.01683,16.5311,0.008903,14.231,0.188,14.288,0.186,11.513,,8.94,,Theia319,120.22644346174133,Kounkel2020,3911.0,0.629219,0.611303
147960226,2.948208492788464e+18,105.724849789446,-15.3168208563118,2.62781,13.5287,13.364,0.095,14.239,0.126,12.794,0.024,12.417,0.022,12.365,0.023,14.0286,0.000315,14.4278,0.001439,13.4693,0.001513,12.02,0.023,12.076,0.023,12.202,,8.866,,Theia319,120.22644346174133,Kounkel2020,5695.0,0.583205,1.014
148035909,2.948210859311193e+18,105.854469043085,-15.2053137205385,1.71675,13.4189,14.874,0.016,14.071,0.149,12.747,0.024,12.4,0.022,12.351,0.026,13.8912,0.000227,14.2642,0.001076,13.361,0.000824,12.323,0.024,12.364,0.026,12.167,0.422,9.032,,Theia319,120.22644346174133,Kounkel2020,5839.0,0.886495,1.05
147768286,2.947791365563749e+18,105.35339618286,-15.8037171287167,1.52359,16.7225,20.029,0.187,18.7072,0.0476,15.327,0.06,14.618,0.083,14.48,0.092,17.8173,0.000972,18.9804,0.015271,16.7559,0.005317,13.942,0.029,13.966,0.043,12.146,,8.814,,Theia319,120.22644346174133,Kounkel2020,3598.0,0.539645,0.535846
148580398,2.9361080194287964e+18,106.580394848043,-15.7877808796409,1.79267,16.18,20.085,0.178,17.9288,0.0464,14.925,0.047,14.17,0.036,13.899,0.054,17.1947,0.001126,18.2115,0.009696,16.1973,0.002767,13.891,0.025,13.931,0.034,12.589,0.482,9.074,,Theia319,120.22644346174133,Kounkel2020,3758.0,0.576746,0.568688
148109327,2.936152347791614e+18,105.952509076343,-15.6700952326996,1.57489,14.5405,,,15.329,0.057,13.644,0.026,13.177,0.027,13.057,0.033,15.1433,0.000593,15.6545,0.005123,14.4736,0.001816,13.056,0.024,13.166,0.03,12.41,,8.799,,Theia319,120.22644346174133,Kounkel2020,4932.0,0.761313,0.81
120534327,2.953189383539491e+18,102.125866551653,-11.3902747477479,0.901198,15.9719,18.561,0.111,17.1199,0.0462,14.993,0.04,14.406,0.038,14.213,0.06,16.7224,0.001543,17.3879,0.010101,15.9265,0.004508,14.218,0.029,14.427,0.053,12.235,,8.907,,Theia342,100.0,Kounkel2020,5299.0,0.81241,0.91
35717107,2.952297610891256e+18,102.543772368112,-13.2675817546792,1.43295,12.5952,13.591,0.062,12.985,0.069,12.058,0.026,11.83,0.023,11.817,0.023,12.9484,0.000575,13.2107,0.001429,12.5367,0.001203,11.778,0.023,11.797,0.022,11.743,0.225,8.685,,Theia342,100.0,Kounkel2020,6626.0,1.26317,1.39
61502400,2.9527121267744696e+18,102.934724135553,-12.8463152666128,1.51655,11.436,11.824,0.258,11.549,0.02,11.121,0.026,11.09,0.022,11.03,0.021,11.5769,0.000235,11.6861,0.001186,11.381,0.000802,11.03,0.023,11.059,0.021,10.933,0.11,8.522,,Theia342,100.0,Kounkel2020,8368.0,1.52123,2.07
61579532,2.9492138887990697e+18,102.842970099715,-13.8000998593771,1.22783,13.7077,15.525,0.188,14.196,0.252,13.081,0.035,12.805,0.037,12.68,0.035,14.1471,0.000636,14.4856,0.002643,13.6469,0.001555,12.465,0.023,12.501,0.023,12.39,0.448,8.864,,Theia342,100.0,Kounkel2020,6167.0,1.0084,1.18
142401232,2.9489513503302897e+18,103.034760003006,-14.5222503588408,1.32369,14.9302,16.948,0.101,15.655,0.195,14.01,0.026,13.54,0.034,13.547,0.045,15.5511,0.00109,16.0833,0.005482,14.8741,0.002384,13.438,0.026,13.492,0.033,12.563,,8.532,,Theia342,100.0,Kounkel2020,5121.0,0.756431,0.86
142459813,2.9489586646561367e+18,103.173838504195,-14.4422167024505,1.75153,16.1489,19.185,0.186,17.9559,0.0485,14.809,0.043,14.158,0.048,13.996,0.063,17.1875,0.001489,18.2322,0.021448,16.1699,0.004846,13.749,0.027,13.762,0.035,12.529,,8.932,,Theia342,100.0,Kounkel2020,3718.0,0.56964,0.562582
142523406,2.948995846191269e+18,103.187314145511,-14.2897553611562,1.31569,11.0642,11.24,0.178,11.205,0.017,10.886,0.023,10.862,0.024,10.887,0.025,11.0812,0.000632,11.1172,0.002236,11.0047,0.001416,10.853,0.022,10.9,0.021,10.891,0.111,8.886,0.463,Theia342,100.0,Kounkel2020,10418.0,1.71731,2.69
142532590,2.9495837713766907e+18,103.372709160213,-13.6338494863944,1.11621,11.1273,11.247,0.171,10.918,0.012,10.937,0.022,10.906,0.022,10.941,0.023,11.1501,0.000612,11.1847,0.0019,11.0695,0.001213,10.897,0.022,10.926,0.021,11.008,0.122,8.931,,Theia342,100.0,Kounkel2020,10017.0,1.98276,2.57
142532663,2.9495805115023995e+18,103.427283491562,-13.6680040374147,1.408,16.3118,18.417,0.116,17.7038,0.0468,15.116,0.047,14.401,0.076,14.351,0.09,17.1526,0.001145,17.9806,0.014783,16.245,0.004352,13.522,0.025,13.593,0.037,12.428,,9.005,,Theia342,100.0,Kounkel2020,4142.0,0.599796,0.65
35415077,2.9523824107249623e+18,101.987878728065,-12.8993140645599,1.30631,15.6672,17.889,-0.237,16.435,1.133,14.567,0.035,13.985,0.037,13.898,0.063,16.3971,0.001078,17.0778,0.0057,15.6285,0.002194,13.823,0.027,13.925,0.034,12.694,,9.147,,Theia342,100.0,Kounkel2020,4669.0,0.678797,0.74
61399569,2.9491606698599613e+18,102.651361391352,-14.3117976023832,1.25166,13.7256,15.05,0.085,14.305,0.137,13.042,0.023,12.782,0.026,12.646,0.024,14.1785,0.001238,14.5292,0.004147,13.6644,0.002835,12.689,0.024,12.699,0.027,12.743,,9.207,,Theia342,100.0,Kounkel2020,6004.0,1.00985,1.11
120329880,2.953078195426387e+18,101.820247451352,-11.770268858852,1.13824,15.0139,17.176,0.008,15.997,0.252,14.096,0.029,13.599,0.025,13.446,0.037,15.6531,0.001883,16.1982,0.009408,14.96,0.005184,13.414,0.025,13.393,0.033,12.369,,9.052,,Theia342,100.0,Kounkel2020,5411.0,0.840552,0.94
35710016,2.9492824407706414e+18,102.418071973528,-13.5692830217608,1.23816,11.0025,11.21,0.144,11.287,0.016,10.784,0.026,10.842,0.024,10.8,0.023,11.0208,0.000791,11.0574,0.002495,10.9511,0.001328,10.783,0.022,10.814,0.021,10.711,0.091,8.907,,Theia342,100.0,Kounkel2020,10023.0,1.88587,2.57
35711060,2.9523024899740667e+18,102.438251434331,-13.1441844951632,1.41755,12.6577,,,13.119,0.114,12.072,0.027,11.801,0.026,11.741,0.021,13.0278,0.000446,13.3,0.002001,12.5932,0.001179,11.601,0.023,11.614,0.021,11.191,0.126,8.942,,Theia342,100.0,Kounkel2020,6592.0,1.27137,1.37
61351557,2.95229740473276e+18,102.600474242315,-13.2378359473152,0.953905,15.4091,17.229,0.049,16.308,0.206,14.444,0.033,13.976,0.023,13.862,0.051,16.0659,0.000735,16.6456,0.007948,15.3606,0.002146,13.888,0.027,13.972,0.041,12.635,,8.717,,Theia342,100.0,Kounkel2020,5002.0,0.896821,0.83
35714512,2.952992330441328e+18,102.443660713163,-12.1705816370179,1.40332,16.4328,19.69,0.165,17.8898,0.0473,15.275,0.039,14.705,0.048,14.311,0.073,17.2953,0.001486,18.181,0.01735,16.3756,0.005465,14.205,0.03,14.227,0.043,12.569,,8.83,,Theia342,100.0,Kounkel2020,4023.0,0.597986,0.63
61349150,2.952809570991382e+18,102.641569091985,-12.1771546159978,0.772499,16.008,16.654,0.051,17.0903,0.046,14.891,0.036,14.461,0.054,14.221,0.076,16.7266,0.001019,17.3533,0.006112,15.9593,0.00326,14.361,0.05,14.353,0.069,12.587,,8.543,,Theia342,100.0,Kounkel2020,5533.0,0.867538,0.97
142403774,2.9496512925627075e+18,102.942860138425,-13.4290299102954,1.5261,14.0169,16.059,0.089,14.853,0.035,13.137,0.028,12.657,0.026,12.593,0.033,14.6472,0.000584,15.1981,0.002907,13.9671,0.002191,12.496,0.024,12.553,0.025,11.929,,8.597,,Theia342,100.0,Kounkel2020,5032.0,1.02643,0.84
407698847,2.953109943825741e+18,102.732745349875,-11.6720509624418,1.33658,11.3785,11.832,0.246,11.539,0.018,10.913,0.023,10.804,0.024,10.753,0.024,11.6451,0.000384,11.8412,0.001179,11.3196,0.000856,10.699,0.023,10.708,0.021,10.74,0.094,8.304,,Theia342,100.0,Kounkel2020,7393.0,2.08332,1.69
142403588,2.9496472037538355e+18,103.047042503049,-13.5036987320129,1.14712,16.1227,18.672,0.108,17.3932,0.0463,15.036,0.033,14.293,0.059,14.087,0.065,16.9147,0.00125,17.6753,0.010635,16.0637,0.003667,14.154,0.029,14.349,0.052,12.638,,9.18,,Theia342,100.0,Kounkel2020,4331.0,0.713295,0.68
142524202,2.9490123045058063e+18,103.307635265408,-13.9548459291893,1.26944,14.7054,16.389,0.04,15.437,0.058,13.909,0.024,13.467,0.024,13.363,0.046,15.2713,0.0009,15.7375,0.00301,14.6457,0.002196,13.352,0.024,13.435,0.031,12.41,,8.501,,Theia342,100.0,Kounkel2020,5460.0,0.779543,0.95
142530045,2.9528165460197427e+18,103.400541931209,-12.5096841733715,1.57572,13.4712,14.956,0.073,14.124,0.114,12.694,0.024,12.279,0.022,12.209,0.027,13.9787,0.000387,14.3877,0.00174,13.4135,0.001271,12.151,0.023,12.176,0.023,12.102,0.321,8.828,,Theia342,100.0,Kounkel2020,5603.0,1.00975,0.99
61581292,2.9489638873355807e+18,102.891295852421,-14.4939766303418,1.29049,11.6221,11.702,0.204,11.774,0.046,11.348,0.023,11.292,0.022,11.254,0.023,11.7529,0.000269,11.8527,0.001279,11.5679,0.000768,11.243,0.023,11.251,0.021,11.078,0.143,9.09,,Theia342,100.0,Kounkel2020,8354.0,1.61321,2.06
123462600,2.9529158456624184e+18,102.84756837753,-11.8739108662736,1.31111,16.0783,19.174,0.185,17.465,0.0465,14.871,0.035,14.256,0.049,13.969,0.06,16.9228,0.001142,17.7488,0.012189,16.0281,0.004573,14.04,0.027,14.077,0.039,12.773,,9.1,,Theia342,100.0,Kounkel2020,4297.0,0.692256,0.67
142405219,2.9527126421704847e+18,102.960523982531,-12.8159409192682,1.63475,16.0231,18.723,0.11,17.5517,0.0466,14.763,0.049,14.148,0.048,13.982,0.061,16.959,0.001778,17.8264,0.010995,16.0239,0.005843,13.775,0.031,13.884,0.04,12.106,,8.856,,Theia342,100.0,Kounkel2020,3964.0,0.597053,0.585678
142406584,2.952888873268666e+18,102.956843101084,-12.1712902823943,0.958824,14.3771,15.573,0.112,15.037,0.126,13.698,0.03,13.358,0.028,13.271,0.039,14.8499,0.001048,15.2193,0.003078,14.3152,0.002685,,,,,,,,,Theia342,100.0,Kounkel2020,5872.0,1.00802,1.06
35713177,2.952989856540187e+18,102.367846823655,-12.2660933009755,1.25753,14.546,16.55,0.201,15.37,0.137,13.577,0.028,13.133,0.024,12.999,0.033,15.1686,0.000754,15.6981,0.003421,14.4869,0.003003,12.93,0.023,12.979,0.027,12.291,,9.026,,Theia342,100.0,Kounkel2020,5162.0,0.947057,0.87
35717142,2.952296339580978e+18,102.485166550918,-13.2791144239194,1.32014,15.359,16.267,0.035,15.826,0.183,13.844,,13.331,,13.323,0.057,15.9955,0.001338,16.5319,0.007975,15.2868,0.004596,13.064,0.024,13.046,0.028,12.253,,8.881,,Theia342,100.0,Kounkel2020,4988.0,,
61351886,2.949292679972592e+18,102.645230143151,-13.3774442305062,1.41693,13.5626,14.815,0.03,14.078,0.114,12.889,0.024,12.597,0.027,12.552,0.021,14.0085,0.000945,14.3563,0.003848,13.5043,0.002207,12.516,0.027,12.544,0.027,12.533,0.507,8.678,,Theia342,100.0,Kounkel2020,6189.0,0.945018,1.19
142523948,2.94900615411267e+18,103.311314457933,-14.0628507488882,1.32979,15.6087,14.366,0.091,16.185,0.195,14.54,0.051,14.126,0.065,13.926,0.064,16.2824,0.003019,16.88,0.012905,15.5467,0.007188,,,,,,,,,Theia342,100.0,Kounkel2020,4732.0,0.627525,0.76
142526445,2.949700392628273e+18,103.222647383291,-13.0059513965485,1.18332,14.331,15.725,0.068,14.843,0.092,13.613,0.03,13.273,0.028,13.161,0.037,14.8425,0.000958,15.2538,0.003971,14.2724,0.00217,13.147,0.024,13.178,0.028,12.215,,8.904,,Theia342,100.0,Kounkel2020,5708.0,0.898166,1.02
61494233,2.948966365536116e+18,102.691799458337,-14.4815530181321,1.15394,13.3344,14.489,0.072,13.832,0.092,12.679,0.026,12.47,0.027,12.402,0.026,13.7388,0.000439,14.0392,0.002166,13.2674,0.001677,12.333,0.023,12.386,0.023,12.205,,8.832,,Theia342,100.0,Kounkel2020,6397.0,1.20007,1.28
61579601,2.949213721294597e+18,102.813247733244,-13.8308013113423,1.43516,15.7131,17.659,0.05,16.525,1.133,14.702,0.035,13.971,0.042,13.913,0.058,16.4756,0.000977,17.2062,0.009863,15.6637,0.002673,13.824,0.029,13.875,0.037,11.965,,8.21,,Theia342,100.0,Kounkel2020,4409.0,0.6519,0.69
123462341,2.9531088786738514e+18,102.781590865341,-11.7099819103102,1.33508,12.114,12.239,0.343,12.35,0.069,11.721,0.023,11.585,0.023,11.536,0.023,12.351,0.000282,12.5236,0.001168,12.0546,0.001043,11.513,0.022,11.539,0.022,11.669,0.245,9.114,,Theia342,100.0,Kounkel2020,7587.0,1.42508,1.76
142411230,2.9492191501339054e+18,103.063403503827,-13.7036178920785,1.18181,14.5706,16.247,0.149,15.3,0.08,13.877,0.024,13.458,0.021,13.504,0.038,15.0973,0.001253,15.5263,0.004905,14.5136,0.003697,13.337,0.024,13.482,0.03,12.511,,8.806,,Theia342,100.0,Kounkel2020,5571.0,0.832265,0.98
142532001,2.9496079305734784e+18,103.310729952893,-13.3978398150815,0.966595,15.3745,17.329,0.104,16.331,0.229,14.534,0.039,14.053,0.037,14.016,0.06,15.9809,0.000846,16.5056,0.005306,15.3262,0.002585,13.978,0.026,14.132,0.042,12.574,,8.971,,Theia342,100.0,Kounkel2020,5155.0,0.819972,0.87
142533351,2.9490119952681416e+18,103.384110207179,-13.9401975174828,1.33502,12.4347,13.284,0.028,12.785,0.092,11.945,0.023,11.779,0.022,11.732,0.027,12.7429,0.00032,12.9668,0.001321,12.3741,0.001134,11.689,0.023,11.7,0.022,11.764,0.245,8.913,,Theia342,100.0,Kounkel2020,6990.0,1.36062,1.54
142675799,2.94939809564908e+18,103.611073909241,-13.6594017335188,1.13547,14.1046,15.396,0.111,14.727,0.126,13.388,0.023,13.137,0.022,13.003,0.037,14.5697,0.000596,14.9329,0.003001,14.0438,0.001649,12.863,0.024,12.898,0.028,12.47,0.39,9.13,,Theia342,100.0,Kounkel2020,5989.0,0.949625,1.1
61502808,2.9526823368815985e+18,102.863148290657,-13.0000723210732,1.36964,15.1097,16.925,0.046,15.857,0.069,14.163,0.029,13.647,0.033,13.581,0.041,15.764,0.001587,16.3447,0.005073,15.0588,0.004002,13.532,0.026,13.65,0.032,12.28,,8.67,,Theia342,100.0,Kounkel2020,4879.0,0.729137,0.8
123462669,2.9529095234705976e+18,102.822311430998,-11.9330272936372,1.44868,15.2507,17.632,0.108,16.248,0.126,14.237,0.026,13.636,0.031,13.552,0.045,15.9748,0.000992,16.6514,0.004462,15.2078,0.002826,13.5,0.026,13.532,0.034,11.996,,8.915,,Theia342,100.0,Kounkel2020,4602.0,0.742631,0.73
142405395,2.952715665827359e+18,102.942821061577,-12.7190258591153,1.44326,13.6276,15.113,0.113,14.264,0.195,12.886,0.026,12.452,0.024,12.314,0.026,14.1405,0.000647,14.5511,0.001574,13.5658,0.001278,12.262,0.023,12.33,0.024,12.454,0.472,9.142,,Theia342,100.0,Kounkel2020,5572.0,1.03512,0.98
142409870,2.949663352830458e+18,103.156608367393,-13.1705624091493,1.18542,14.8374,16.71,0.113,15.497,0.103,14.035,0.026,13.605,0.032,13.593,0.044,15.3983,0.000623,15.8662,0.004522,14.7822,0.002005,13.524,0.058,13.545,0.061,11.992,,8.973,,Theia342,100.0,Kounkel2020,5348.0,0.787746,0.92
142412534,2.948997117501596e+18,103.122266935519,-14.260217367264,1.8293,12.2123,13.377,0.046,12.73,0.069,11.558,0.024,11.267,0.026,11.178,0.025,12.6372,0.000961,12.9607,0.00363,12.1513,0.002633,11.097,0.023,11.108,0.022,11.099,0.127,8.568,,Theia342,100.0,Kounkel2020,6068.0,1.33613,1.13
35413685,2.952968587861783e+18,101.982285677147,-12.3269470201402,1.51062,16.113,18.56,0.058,17.5204,0.0469,14.995,0.046,14.138,0.033,14.102,0.063,16.9606,0.001512,17.8127,0.014501,16.0631,0.005538,13.71,0.027,13.859,0.041,12.855,,9.043,,Theia342,100.0,Kounkel2020,4139.0,0.620289,0.65
142532927,2.9495780032416123e+18,103.34984659627,-13.7674658056123,1.16473,15.6957,17.202,0.116,16.206,1.133,14.574,0.036,14.107,0.053,13.993,0.07,16.3905,0.001538,17.0093,0.008604,15.6353,0.004828,13.976,0.027,13.937,0.038,12.376,0.442,9.075,,Theia342,100.0,Kounkel2020,4747.0,0.70539,0.76
142533656,2.9490055356373576e+18,103.411514395924,-14.072944530771,1.50153,10.3765,10.77,0.11,10.471,0.008,10.08,0.026,9.961,0.024,9.878,0.021,10.5391,0.000676,10.6702,0.000802,10.3332,0.000571,9.909,0.023,9.919,0.019,9.87,0.067,8.999,,Theia342,100.0,Kounkel2020,8049.0,2.56348,1.95
142667850,2.9495802022647644e+18,103.438405302654,-13.688480874864,1.074,15.0038,16.819,0.078,15.811,0.092,14.139,0.032,13.701,0.037,13.582,0.053,15.5817,0.001542,16.0597,0.007038,14.9411,0.003472,13.561,0.033,13.536,0.042,12.116,,9.012,,Theia342,100.0,Kounkel2020,5308.0,0.827042,0.91
146870024,2.949627515623871e+18,103.922800510394,-13.1788710059898,1.04608,12.3371,12.964,0.063,12.571,0.069,11.922,0.026,11.789,0.025,11.711,0.024,12.5695,0.000284,12.7298,0.002037,12.2662,0.002118,11.65,0.024,11.635,0.022,11.788,0.257,8.614,,Theia342,100.0,Kounkel2020,7701.0,1.62393,1.81
146916063,2.949377479806523e+18,103.932907172837,-13.8609994526044,1.13073,14.6776,16.441,0.026,15.53,0.057,13.773,0.026,13.28,0.026,13.203,0.037,15.283,0.00153,15.7918,0.00837,14.62,0.005979,13.08,0.024,13.097,0.028,12.828,,8.937,,Theia342,100.0,Kounkel2020,5378.0,0.943724,0.93
61494739,2.94916400275448e+18,102.798143185057,-14.2740419975002,1.2706,15.8849,18.369,0.049,17.0677,0.0462,14.75,0.033,14.133,0.052,14.055,0.064,16.6416,0.001854,17.3525,0.008483,15.8365,0.005693,14.024,0.03,14.106,0.04,12.134,,9.222,,Theia342,100.0,Kounkel2020,4527.0,0.667445,0.71
61502182,2.952714016560919e+18,102.895088872704,-12.7554937561835,1.23463,15.1789,17.043,0.008,15.987,0.389,14.229,0.047,13.812,0.06,13.764,0.058,15.802,0.001221,16.3411,0.006149,15.1263,0.003032,13.499,0.027,13.57,0.035,12.146,,8.284,,Theia342,100.0,Kounkel2020,5086.0,0.728019,0.85
142411507,2.949204478525698e+18,103.078246414415,-13.8165003659913,1.37483,15.5522,15.576,0.109,16.9656,0.0473,14.282,0.036,13.632,0.08,13.471,0.07,16.4015,0.002101,17.2428,0.016811,15.4862,0.007476,13.442,0.046,13.452,0.05,11.748,,8.382,,Theia342,100.0,Kounkel2020,4118.0,0.886318,0.64
142602271,2.94888129082442e+18,103.370269617888,-14.8054500054275,1.5201,14.5117,16.269,0.152,15.232,0.08,13.633,0.024,13.265,0.037,13.092,0.035,15.085,0.000583,15.5683,0.002853,14.4563,0.001888,13.115,0.025,13.195,0.03,12.379,,9.081,,Theia342,100.0,Kounkel2020,5206.0,0.740631,0.885
95336542,2.9497877694429624e+18,103.68746364147,-12.8939015485385,1.08341,15.6679,18.021,0.054,16.758,1.133,14.692,0.04,14.075,0.038,13.918,0.062,16.3603,0.004329,16.9923,0.018153,15.6156,0.013023,13.869,0.026,13.921,0.037,12.66,,8.966,,Theia342,100.0,Kounkel2020,4646.0,0.776681,0.74
95403862,2.948940797594329e+18,103.724467812158,-14.3040246423846,1.19873,12.5444,13.316,0.054,12.887,0.08,12.092,0.022,11.968,0.022,11.859,0.023,12.8238,0.000359,13.0298,0.002827,12.481,0.002196,11.847,0.023,11.886,0.022,11.58,0.189,9.19,,Theia342,100.0,Kounkel2020,7453.0,1.37906,1.71
142675805,2.949585253146211e+18,103.5686564532,-13.6613859064426,1.16283,14.2125,15.63,0.112,14.913,0.069,13.421,0.024,12.977,0.028,12.848,0.03,14.7823,0.000449,15.2574,0.002767,14.1534,0.001923,12.811,0.025,12.889,0.028,12.306,0.37,9.029,,Theia342,100.0,Kounkel2020,5250.0,1.09489,0.9
142403738,2.949648475064096e+18,103.039086752073,-13.4457850977602,1.1719,13.7036,14.971,0.064,14.252,0.069,13.116,0.028,12.771,0.032,12.666,0.03,14.1376,0.000695,14.4681,0.003315,13.64,0.002327,12.664,0.023,12.691,0.025,12.253,0.38,9.121,,Theia342,100.0,Kounkel2020,6150.0,1.04997,1.17
142602411,2.9488803974712827e+18,103.321970025733,-14.8729066581602,1.26706,16.272,18.397,0.12,17.6266,0.0464,15.211,0.053,14.495,0.058,14.267,0.09,17.1046,0.001955,17.9157,0.010348,16.2288,0.004325,14.144,0.028,14.209,0.044,12.746,,9.007,,Theia342,100.0,Kounkel2020,4369.0,0.636814,0.68
142670268,2.94981103098497e+18,103.445877921649,-12.6275400334855,1.37523,14.3159,15.486,0.113,14.931,0.172,13.533,0.03,13.087,0.033,12.978,0.033,14.8562,0.000934,15.2982,0.003906,14.2573,0.002464,12.992,0.025,13.06,0.028,12.418,,8.091,,Theia342,100.0,Kounkel2020,5476.0,0.830285,0.96
95401161,2.9496258319968394e+18,103.743729863847,-13.2669269918783,1.19689,14.1834,15.558,0.099,14.703,0.114,13.647,0.024,13.165,0.022,13.083,0.03,14.6734,0.000753,15.0643,0.002255,14.126,0.001755,13.041,0.026,13.095,0.029,12.529,,8.763,,Theia342,100.0,Kounkel2020,5819.0,0.912742,1.05
142667105,2.949007597222196e+18,103.483391648828,-14.011388024634,1.23184,16.1646,19.289,0.184,17.778,0.0516,14.885,0.038,14.165,0.05,14.041,0.072,17.1334,0.00175,18.0545,0.035236,16.1716,0.006991,13.982,0.027,13.999,0.038,12.466,,8.642,,Theia342,100.0,Kounkel2020,3880.0,0.702943,0.665578
95401078,2.9496262443136727e+18,103.747715549006,-13.2264076835785,0.800022,12.2725,13.198,0.055,12.635,0.092,11.718,0.026,11.515,0.026,11.481,0.027,12.5982,0.00027,12.8518,0.00163,12.1996,0.001148,11.411,0.022,11.432,0.022,11.265,0.155,8.544,,Theia342,100.0,Kounkel2020,7801.0,2.48907,1.85
95401424,2.9496182341954806e+18,103.73971583318,-13.3652489991402,1.27531,11.9667,12.4,0.041,12.102,0.057,11.687,0.022,11.62,0.022,11.591,0.023,12.1086,0.000234,12.214,0.001289,11.9124,0.000794,11.559,0.023,11.601,0.021,11.083,0.133,9.053,0.528,Theia342,100.0,Kounkel2020,8207.0,1.41018,2.01
95401883,2.9494003290320425e+18,103.715749700061,-13.5632013022787,1.47661,15.7219,18.157,0.051,16.821,1.133,14.611,0.037,13.939,0.028,13.873,0.058,16.5152,0.000851,17.2908,0.008012,15.6628,0.003495,13.752,0.028,13.77,0.036,12.69,,8.921,,Theia342,100.0,Kounkel2020,4232.0,0.682422,0.66
95402271,2.949395003273072e+18,103.779825257004,-13.7144115199621,0.440371,15.7165,17.298,0.049,16.539,1.133,14.697,0.033,14.333,0.042,14.105,0.076,16.3686,0.000705,16.9237,0.003824,15.6604,0.003231,14.131,0.029,14.19,0.05,12.085,0.314,8.484,,Theia342,100.0,Kounkel2020,5440.0,1.54945,0.95
95405305,2.948911179496664e+18,103.757556889251,-14.6340928028221,1.44547,16.7194,19.664,0.168,18.4098,0.0554,15.431,0.051,14.687,0.05,14.615,0.097,17.7225,0.002265,18.6777,0.044542,16.7311,0.008884,14.567,0.031,14.756,0.062,12.428,,8.462,,Theia342,100.0,Kounkel2020,3819.0,0.536349,0.532811
120165351,2.953863830844284e+18,101.694617297344,-11.2543359090667,1.398,15.6812,18.043,0.109,16.8846,0.0461,14.584,0.032,13.934,0.041,13.776,0.043,16.4438,0.000872,17.1639,0.006986,15.6204,0.003979,13.77,0.033,13.85,0.043,11.977,,8.869,,Theia342,100.0,Kounkel2020,4402.0,0.68101,0.69
142408268,2.952738240175069e+18,103.08345375474,-12.4504462033513,1.17996,13.4698,14.639,0.1,13.949,0.126,12.887,0.026,12.621,0.028,12.488,0.027,13.8773,0.000322,14.1839,0.002469,13.408,0.001343,12.461,0.069,12.502,0.066,11.472,,9.027,,Theia342,100.0,Kounkel2020,6214.0,1.11585,1.2
142408458,2.952736350389554e+18,103.081013963411,-12.5430568420287,0.872568,15.1507,16.88,0.125,16.029,0.183,14.306,0.029,13.961,0.04,13.892,0.062,15.7267,0.000894,16.2073,0.004279,15.097,0.002054,13.528,0.024,13.498,0.029,12.16,,9.0,,Theia342,100.0,Kounkel2020,5601.0,0.918764,0.99
142533499,2.9490111706344407e+18,103.367231477155,-14.0021058451402,1.40392,16.2845,18.916,0.109,17.8181,0.0472,15.002,0.047,14.401,0.054,14.211,0.071,17.2184,0.00283,18.0996,0.016015,16.286,0.005622,14.159,0.027,14.129,0.038,12.144,,9.021,,Theia342,100.0,Kounkel2020,3952.0,0.616202,0.60111
95403359,2.94936586621515e+18,103.77385306678,-14.1021397304085,0.995019,16.1317,18.906,0.048,17.391,0.0472,15.052,0.033,14.355,0.031,14.26,0.074,16.9189,0.001992,17.6646,0.018813,16.0644,0.005215,14.153,0.03,14.319,0.05,12.295,,8.946,,Theia342,100.0,Kounkel2020,4345.0,0.811577,0.68
146870102,2.9496270345875574e+18,103.923641269723,-13.2119519780974,0.955106,14.728,16.234,0.071,15.275,0.08,14.034,0.029,13.618,0.029,13.666,0.057,15.2304,0.000743,15.6324,0.003756,14.6695,0.001794,13.62,0.027,13.613,0.036,12.521,0.512,9.107,,Theia342,100.0,Kounkel2020,5875.0,0.898219,1.06
146871758,2.949379129073995e+18,103.849229771361,-13.85718729473,1.15715,15.2969,16.758,0.115,16.114,0.217,14.385,0.032,13.888,0.039,13.788,0.054,15.9143,0.001965,16.4513,0.007658,15.2458,0.00563,13.775,0.025,13.962,0.039,12.184,,9.082,,Theia342,100.0,Kounkel2020,5027.0,0.733846,0.84
146872357,2.949318690294357e+18,103.821926358157,-14.1144181728115,1.25536,16.1209,17.734,0.12,17.2819,0.0467,14.919,0.049,14.376,0.093,14.271,0.098,16.8667,0.003298,17.5668,0.013658,16.0714,0.008345,,,,,,,,,Theia342,100.0,Kounkel2020,4516.0,0.597776,0.71
146872607,2.9493168348685496e+18,103.813413095761,-14.2299572637598,1.17184,14.3841,13.913,0.099,15.008,0.024,13.711,0.052,13.356,0.048,13.282,0.052,14.8786,0.001295,15.2686,0.004597,14.3209,0.003262,13.135,0.039,13.144,0.042,12.298,,8.241,,Theia342,100.0,Kounkel2020,5717.0,0.862255,1.02
748095541,2.952296339580978e+18,102.485166550918,-13.2791144239194,1.32014,15.359,,,16.2901,0.0461,,,,,,,15.9955,0.001338,16.5319,0.007975,15.2868,0.004596,,,,,,,,,Theia342,100.0,Kounkel2020,4988.0,,
61499244,2.9527817739639014e+18,102.699682844213,-12.4644720763898,1.36901,14.4422,16.061,0.065,14.97,0.035,13.619,0.033,13.168,0.043,13.088,0.041,14.9953,0.001316,15.4058,0.011256,14.3363,0.008859,12.875,0.024,12.938,0.028,12.47,0.432,8.445,,Theia342,100.0,Kounkel2020,5303.0,0.814783,0.91
61500771,2.9529018956087434e+18,102.890492512989,-12.1124071621814,1.12695,12.8133,13.787,0.108,13.219,0.103,12.276,0.024,12.082,0.029,11.993,0.024,13.1599,0.000374,13.4177,0.001725,12.7506,0.001432,11.936,0.024,11.956,0.022,12.502,0.443,9.165,,Theia342,100.0,Kounkel2020,6921.0,1.42624,1.51
142407671,2.952886742964773e+18,103.122606969224,-12.1647785919281,1.45153,11.6154,12.02,0.077,11.802,0.069,11.322,0.026,11.239,0.025,11.208,0.023,11.7533,0.000574,11.8527,0.002274,11.5588,0.001698,11.134,0.023,11.167,0.021,11.285,0.185,8.852,,Theia342,100.0,Kounkel2020,8216.0,1.45219,2.01
142410621,2.949602398655732e+18,103.162488910311,-13.4560822091923,1.54058,15.194,16.782,0.113,16.455,0.137,14.271,0.027,13.713,0.032,13.512,0.045,15.8761,0.000737,16.497,0.003791,15.1414,0.004214,13.463,0.025,13.515,0.034,12.529,,8.792,,Theia342,100.0,Kounkel2020,4657.0,0.66995,0.74
142411530,2.9492043067269944e+18,103.108796068224,-13.8243605481346,1.45869,11.848,12.267,0.415,12.244,0.04,11.455,0.022,11.378,0.024,11.345,0.025,12.0683,0.000276,12.2296,0.002221,11.7932,0.000933,11.313,0.023,11.325,0.02,11.493,0.206,8.79,,Theia342,100.0,Kounkel2020,7602.0,1.44332,1.77
146984664,2.949430496882498e+18,104.118443780244,-13.3904303431289,1.31994,12.9833,14.128,0.075,13.495,0.092,12.349,0.024,12.032,0.023,11.973,0.021,13.4088,0.000538,13.7358,0.002071,12.925,0.002105,11.907,0.023,11.939,0.023,11.941,0.313,9.027,,Theia342,100.0,Kounkel2020,6077.0,1.29113,1.14
146986254,2.94932466888925e+18,104.147287071914,-14.0165746147095,1.10529,14.4366,15.892,0.033,14.955,0.092,13.688,0.023,13.304,0.025,13.284,0.035,14.9367,0.001141,15.3361,0.005498,14.3776,0.003097,13.285,0.025,13.273,0.031,12.326,,8.987,,Theia342,100.0,Kounkel2020,6025.0,0.878096,1.12
146987213,2.949296562623453e+18,104.070060264185,-14.3729826406623,1.15961,13.8589,15.104,0.05,14.409,0.126,13.239,0.024,12.932,0.027,12.892,0.035,14.296,0.000548,14.6332,0.003323,13.7988,0.00203,12.861,0.024,12.893,0.028,12.028,,8.581,,Theia342,100.0,Kounkel2020,6165.0,0.991048,1.17
147042111,2.949362327162278e+18,104.28929626845,-13.6882300814515,1.03642,14.4087,15.888,0.006,15.104,0.08,13.706,0.026,13.352,0.022,13.251,0.037,14.8997,0.002332,15.2829,0.014526,14.3426,0.00788,13.207,0.023,13.235,0.027,12.57,0.438,8.978,0.531,Theia342,100.0,Kounkel2020,5879.0,0.946415,1.07
147042257,2.9494103620759045e+18,104.19478203226,-13.6344617789673,0.427403,15.482,17.159,0.034,16.234,0.115,14.598,0.036,14.183,0.044,14.102,0.065,16.0608,0.000931,16.5392,0.003297,15.4246,0.003892,14.139,0.028,14.293,0.05,12.11,,8.73,,Theia342,100.0,Kounkel2020,5987.0,1.53416,1.1
95403307,2.949366102432684e+18,103.736869547586,-14.0815025679808,1.17346,11.9043,12.307,0.03,12.107,0.08,11.598,0.022,11.548,0.023,11.514,0.023,12.0439,0.000304,12.1476,0.001619,11.8502,0.001289,11.479,0.023,11.503,0.022,11.152,0.149,8.822,,Theia342,100.0,Kounkel2020,8215.0,1.56958,2.01
142676238,2.949386516417296e+18,103.580865684697,-13.8414000929452,1.21114,10.5732,10.636,0.103,10.496,0.009,10.382,0.024,10.402,0.024,10.354,0.024,10.6164,0.000494,10.6709,0.0008,10.5296,0.001213,10.329,0.022,10.355,0.02,10.291,0.068,8.779,,Theia342,100.0,Kounkel2020,9415.0,2.44622,2.39
146874752,2.9481082267694725e+18,103.897001740451,-15.1683707767577,1.42209,11.9682,12.682,0.051,12.315,0.069,11.471,0.027,11.347,0.035,11.235,0.027,12.228,0.00105,12.4203,0.005632,11.8985,0.003334,11.065,0.03,11.057,0.03,10.698,0.094,8.468,,Theia342,100.0,Kounkel2020,7813.0,1.48517,1.855
146985958,2.9493523971980524e+18,104.142085704111,-13.8918943021919,1.18007,14.0361,,,14.573,0.126,13.41,0.026,13.048,0.022,12.979,0.027,14.4965,0.001196,14.8532,0.00417,13.9736,0.003327,12.716,0.024,12.845,0.025,12.251,,8.688,,Theia342,100.0,Kounkel2020,5972.0,0.939657,1.1
146986867,2.94930216326074e+18,104.120898827568,-14.2491784432869,1.10585,13.6903,14.811,0.042,14.183,0.15,13.044,0.037,12.801,0.041,12.657,,14.1041,0.000651,14.4164,0.002857,13.6248,0.00203,12.478,0.023,12.542,0.025,11.939,,8.979,,Theia342,100.0,Kounkel2020,6469.0,1.07456,1.32
142676044,2.949396171503748e+18,103.631793486524,-13.7527500529606,1.1521,8.003,7.945,0.026,7.983,0.003,7.947,0.024,7.979,0.059,7.96,0.024,7.9558,0.000675,7.96654,0.001578,7.95564,0.001923,7.953,0.025,7.989,0.02,7.975,0.02,8.01,0.256,Theia342,100.0,Kounkel2020,12634.0,,
142676456,2.949373253558858e+18,103.646353264009,-13.9338574520241,1.38884,15.2822,14.396,0.09,16.147,0.16,14.325,0.038,13.739,0.046,13.568,0.06,15.9611,0.002217,16.5647,0.009136,15.2219,0.004966,13.046,0.024,13.093,0.029,12.339,,8.938,,Theia342,100.0,Kounkel2020,4741.0,0.70173,0.76
146871931,2.949378407519534e+18,103.817023652846,-13.9183824617707,1.17782,16.5488,19.682,0.194,18.1567,0.0469,15.327,0.07,14.716,0.073,14.424,0.085,17.5104,0.002049,18.4413,0.013235,16.5558,0.005971,14.284,0.037,14.229,0.049,12.244,,8.903,,Theia342,100.0,Kounkel2020,3877.0,0.647697,0.625398
747832117,2.948918914735574e+18,103.997281725695,-14.5232024154964,0.458492,16.3271,,,17.2271,0.0466,,,,,,,16.9505,0.001057,17.4235,0.016704,16.2204,0.008446,,,,,,,,,Theia342,100.0,Kounkel2020,5898.0,1.05157,1.07
146986606,2.9493095463033334e+18,104.121585924167,-14.1551140792753,1.23493,13.2747,14.389,0.05,13.76,0.103,12.717,0.026,12.469,0.027,12.397,0.024,13.662,0.000358,13.9517,0.002228,13.215,0.001496,12.381,0.023,12.373,0.024,11.915,,9.131,,Theia342,100.0,Kounkel2020,6303.0,1.12897,1.24
147040062,2.948544943345202e+18,104.243383567013,-14.4641125335629,1.1869,14.6319,16.666,-0.064,15.552,0.126,13.691,0.029,13.18,0.023,13.1,0.034,15.2634,0.000721,15.8146,0.00407,14.5793,0.002546,13.113,0.024,13.159,0.029,12.407,,8.577,,Theia342,100.0,Kounkel2020,4985.0,0.997003,0.82
142409653,2.949676581329709e+18,103.070406637083,-13.0824460896635,1.04647,14.6349,16.012,0.114,15.208,0.046,13.908,0.032,13.546,0.031,13.536,0.049,15.1556,0.000393,15.5781,0.003286,14.5786,0.00178,13.411,0.024,13.47,0.036,12.749,,8.532,,Theia342,100.0,Kounkel2020,5769.0,0.887066,1.03
142523721,2.9489988698481715e+18,103.289179880416,-14.15892522423,1.1532,13.1214,14.236,0.11,13.603,0.08,12.579,0.026,12.327,0.026,12.28,0.026,13.5045,0.00035,13.7898,0.002641,13.0591,0.001069,12.179,0.023,12.189,0.022,12.13,0.337,8.875,,Theia342,100.0,Kounkel2020,6474.0,1.28257,1.32
142532647,2.9495831228425364e+18,103.38303928399,-13.6595225706701,1.21064,16.0048,17.857,0.118,17.161,0.0465,14.911,0.045,14.301,0.044,13.992,0.06,16.7486,0.002019,17.4538,0.012961,15.9636,0.006134,14.204,0.027,14.328,0.046,12.655,,8.976,,Theia342,100.0,Kounkel2020,4528.0,0.649856,0.71
142533697,2.949006188472404e+18,103.35676340603,-14.0850284110419,0.840756,14.3071,15.734,0.114,14.969,0.069,13.504,0.029,13.109,0.024,13.0,0.033,14.856,0.000545,15.3015,0.002373,14.2449,0.00146,12.996,0.025,13.034,0.028,12.335,,8.739,,Theia342,100.0,Kounkel2020,5601.0,1.34848,0.99
142666611,2.9489914481452933e+18,103.447585642839,-14.2228669077114,1.25452,15.8742,17.415,0.116,16.9875,0.0461,14.715,0.038,14.312,0.041,14.055,0.069,16.5983,0.00213,17.2627,0.005842,15.8176,0.007148,13.981,0.035,13.979,0.043,12.114,,8.803,,Theia342,100.0,Kounkel2020,4586.0,0.645608,0.72
95335451,2.949818036070759e+18,103.80394842991,-12.4335886648176,1.31433,16.9671,19.863,0.17,18.6122,0.0528,15.637,0.056,15.006,0.074,14.94,0.131,17.9321,0.001759,18.9139,0.037989,16.9778,0.007243,,,,,,,,,Theia342,100.0,Kounkel2020,3828.0,0.515363,0.513032
95401451,2.9496152148377533e+18,103.767010171704,-13.3771844012191,1.19821,13.3488,14.478,0.056,13.794,0.08,12.773,0.024,12.539,0.021,12.519,0.03,13.7392,0.000401,14.0344,0.001368,13.2902,0.001252,12.435,0.024,12.424,0.024,11.982,,8.801,,Theia342,100.0,Kounkel2020,6413.0,1.12559,1.29
146873739,2.948159358360572e+18,103.80643607253,-14.7024812830866,1.53538,16.1437,18.688,0.11,17.7111,0.0528,14.952,0.042,14.204,0.036,14.101,0.069,17.1224,0.002142,17.94,0.031697,16.1439,0.026573,13.951,0.026,14.079,0.045,12.687,,9.017,,Theia342,100.0,Kounkel2020,3971.0,0.601768,0.589529
146915438,2.94931954928777e+18,103.936021489182,-14.1169627387628,1.23948,15.4012,17.844,0.108,16.524,0.172,14.376,0.029,13.879,0.022,13.74,0.046,16.0676,0.003177,16.6651,0.015719,15.3525,0.008677,13.616,0.025,13.708,0.037,12.009,,9.017,,Theia342,100.0,Kounkel2020,4827.0,0.721196,0.78
146916475,2.949406067108757e+18,103.932590154846,-13.7088963829357,1.16778,15.2331,16.898,0.114,16.122,0.206,14.296,0.03,13.881,0.035,13.748,0.054,15.8541,0.001429,16.3942,0.005877,15.1841,0.00349,13.665,0.027,13.711,0.04,12.044,,8.685,,Theia342,100.0,Kounkel2020,5103.0,0.746377,0.86
146984486,2.949434993711014e+18,104.057542923751,-13.3155329415699,0.316156,14.9813,18.232,0.179,16.389,0.114,13.508,0.03,12.767,0.022,12.539,0.026,15.962,0.00081,16.9362,0.008197,14.9859,0.002196,12.359,0.023,12.409,0.025,11.738,0.221,9.056,,Theia342,100.0,Kounkel2020,4630.0,5.2012,
146871509,2.9493821527318026e+18,103.833108603517,-13.7729334823603,1.18267,15.8033,17.504,0.115,16.8592,0.0463,14.865,0.034,14.261,0.048,14.07,0.068,16.5003,0.002125,17.1341,0.011387,15.7499,0.006247,14.083,0.028,14.11,0.047,12.742,,9.08,,Theia342,100.0,Kounkel2020,4666.0,0.669901,0.74
146872594,2.949313948650508e+18,103.850512889871,-14.2213077627275,1.17652,14.5748,16.129,0.095,15.255,0.046,13.829,0.029,13.51,0.031,13.345,0.044,15.0904,0.000964,15.5041,0.003941,14.5149,0.002366,13.361,0.027,13.428,0.033,11.921,,8.66,,Theia342,100.0,Kounkel2020,5772.0,0.807267,1.034
146985725,2.949354080824562e+18,104.159761409819,-13.8021566223833,1.43059,13.8766,15.289,0.039,14.519,0.092,13.162,0.03,12.809,0.033,12.76,0.027,14.3651,0.000538,14.7538,0.002318,13.8181,0.001262,12.643,0.024,12.701,0.025,11.821,0.236,9.118,,Theia342,100.0,Kounkel2020,5725.0,0.88742,1.02
142669216,2.9496436990607795e+18,103.545762043197,-13.0978577468838,0.463837,14.5122,16.412,0.113,15.022,0.115,13.729,0.027,13.521,0.035,13.461,0.049,15.0032,0.000577,15.3939,0.003827,14.4426,0.002027,,,,,,,,,Theia342,100.0,Kounkel2020,6811.0,1.89212,1.47
142675441,2.949589062777612e+18,103.635637352032,-13.5247627009456,1.15809,11.9412,12.319,0.026,12.032,0.069,11.648,0.023,11.556,0.022,11.544,0.021,12.0563,0.000258,12.1522,0.001357,11.8752,0.0011,11.515,0.022,11.533,0.021,11.467,0.191,8.764,,Theia342,100.0,Kounkel2020,9149.0,1.51101,2.32
146912327,2.948055042195629e+18,104.049842429272,-15.3526728697712,1.58134,16.0723,19.058,0.189,17.5783,0.0468,14.864,0.05,14.207,0.044,14.0,0.071,16.9862,0.002525,17.8745,0.012553,16.073,0.007082,13.868,0.026,13.873,0.036,12.813,,9.006,,Theia342,100.0,Kounkel2020,3965.0,0.608064,0.594618
146917558,2.949434860569269e+18,104.022534894789,-13.3160300669699,1.08854,15.9458,17.605,-0.145,16.756,0.06,14.967,0.045,14.389,0.054,14.336,0.085,16.6013,0.001263,17.1659,0.006697,15.8782,0.00528,14.312,0.03,14.421,0.053,12.184,,8.943,0.457,Theia342,100.0,Kounkel2020,4891.0,0.624497,0.8
146984187,2.94971764121694e+18,104.097145760573,-13.1826004298578,1.22458,14.1895,15.797,0.047,14.758,0.115,13.47,0.027,13.044,0.023,12.992,0.037,14.7137,0.000711,15.1425,0.003032,14.1346,0.002191,13.002,0.025,13.051,0.029,11.526,0.206,8.849,,Theia342,100.0,Kounkel2020,5553.0,0.956549,0.98
146986374,2.949323019621851e+18,104.096655270322,-14.0590355527596,1.10883,13.2726,14.376,0.06,13.757,0.08,12.676,0.023,12.408,0.022,12.32,0.026,13.6623,0.000411,13.9536,0.001324,13.2111,0.001524,12.269,0.024,12.309,0.025,11.865,,8.625,,Theia342,100.0,Kounkel2020,6394.0,1.25652,1.28
142674958,2.9496296802876856e+18,103.567352660653,-13.3375852355465,0.554042,15.2066,16.905,0.114,16.03,0.172,14.263,0.032,13.91,0.04,13.95,0.06,15.8157,0.000688,16.3244,0.003613,15.1494,0.00246,13.777,0.026,13.8,0.036,12.185,,9.228,,Theia342,100.0,Kounkel2020,6027.0,1.40747,1.12
146869475,2.949738188340428e+18,103.902256205385,-12.9475701536557,0.778822,15.5088,,,16.548,1.133,14.401,0.036,14.008,0.057,13.862,0.135,16.2172,0.000786,16.8405,0.005291,15.4665,0.002467,,,,,,,,,Theia342,100.0,Kounkel2020,6290.0,1.01146,1.23
146915437,2.94931666307032e+18,103.977957160645,-14.1170287827773,0.829548,13.2061,14.442,0.033,13.835,0.172,12.496,0.024,12.26,0.022,12.172,0.029,13.6452,0.000294,13.9798,0.001288,13.1384,0.001389,12.096,0.022,12.11,0.024,11.859,0.27,9.128,,Theia342,100.0,Kounkel2020,6447.0,1.84226,1.31
142411705,2.949202657459612e+18,103.108306824174,-13.8947842227015,1.24492,12.7698,13.735,0.038,13.124,0.092,12.255,0.022,12.076,0.026,11.988,0.023,13.1144,0.000404,13.3691,0.001531,12.707,0.000733,11.951,0.024,11.975,0.023,11.722,0.203,8.945,,Theia342,100.0,Kounkel2020,6870.0,1.31754,1.49
142532377,2.949596798018344e+18,103.351527084652,-13.5509045575532,1.30269,15.4062,16.766,0.121,16.095,1.133,14.35,0.05,13.814,0.035,13.662,0.052,16.0843,0.001993,16.6886,0.008422,15.3443,0.010071,13.551,0.025,13.577,0.033,12.807,,8.946,,Theia342,100.0,Kounkel2020,4700.0,0.709068,0.75
142670324,2.9498113402226104e+18,103.435002052442,-12.6017792860166,1.07678,14.0222,15.241,0.056,14.553,0.058,13.356,0.029,13.097,0.032,13.014,0.044,14.4439,0.000326,14.7698,0.001869,13.9543,0.001085,12.963,0.024,13.001,0.028,12.332,0.456,8.26,,Theia342,100.0,Kounkel2020,6879.0,0.952558,1.49
95403100,2.949368885572154e+18,103.759010574761,-14.002695950422,1.45394,16.9799,,,18.7457,0.0489,15.604,0.057,15.03,0.073,14.776,0.138,17.9981,0.002023,19.0315,0.021151,16.9982,0.010741,14.315,0.03,14.216,0.048,12.591,,9.028,,Theia342,100.0,Kounkel2020,3742.0,0.506973,0.504905
95403358,2.9493656944164823e+18,103.712973326646,-14.1020849144184,1.78814,15.5659,18.32,0.044,16.9097,0.046,14.376,0.027,13.756,0.022,13.545,0.039,16.3858,0.00091,17.1971,0.004466,15.5071,0.002478,13.388,0.025,13.515,0.038,12.118,,9.017,,Theia342,100.0,Kounkel2020,4169.0,0.641694,0.652
146915942,2.94937631157542e+18,103.995122726408,-13.9103384875627,1.0587,15.4865,12.967,0.056,16.4527,0.0465,14.446,0.042,13.927,0.048,13.725,0.051,16.1407,0.002883,16.669,0.013546,15.3848,0.007927,13.797,0.106,13.942,0.117,11.967,,8.521,,Theia342,100.0,Kounkel2020,4909.0,0.786221,0.8
146916987,2.949422078746732e+18,103.950201176447,-13.5271566718711,1.84758,13.5574,15.134,0.053,14.278,0.16,12.742,0.03,12.396,0.027,12.332,0.031,14.0979,0.000463,14.5458,0.002348,13.502,0.001933,12.22,0.024,12.257,0.025,12.274,0.393,8.682,,Theia342,100.0,Kounkel2020,5337.0,0.892636,0.92
147040514,2.949303881247642e+18,104.21814285329,-14.2874818681599,1.5509,15.6691,18.18,0.107,16.667,0.298,14.493,0.033,13.845,0.041,13.634,0.044,16.4951,0.000985,17.3051,0.007468,15.599,0.008414,13.606,0.026,13.761,0.04,12.477,,9.175,,Theia342,100.0,Kounkel2020,4143.0,0.715531,0.65
147041614,2.949352603356462e+18,104.179141948391,-13.8792171641853,1.31587,13.7329,15.028,0.049,14.245,0.103,13.069,0.026,12.762,0.023,12.714,0.033,14.1836,0.000679,14.5357,0.002097,13.6753,0.003446,12.586,0.023,12.609,0.025,12.101,0.33,9.0,,Theia342,100.0,Kounkel2020,6012.0,0.954163,1.11
147483500,2.9484674578353024e+18,104.957067015402,-14.6892925394459,1.15845,12.8462,13.773,0.031,13.264,0.126,12.37,0.024,12.175,0.022,12.099,0.024,13.1784,0.000393,13.4211,0.001864,12.7867,0.00138,12.085,0.024,12.108,0.024,11.886,0.272,8.84,,Theia342,100.0,Kounkel2020,6732.0,1.34145,1.43
35577628,2.952964430333833e+18,102.130514646249,-12.3961922887078,1.21746,15.554,17.114,0.049,16.704,1.133,14.416,0.034,13.807,0.041,13.758,0.048,16.2743,0.001855,16.9301,0.007671,15.4928,0.005471,13.559,0.026,13.585,0.034,12.02,,8.612,,Theia342,100.0,Kounkel2020,4589.0,0.763041,0.73
61351066,2.952679072706762e+18,102.57608748578,-13.0284039716377,1.36269,13.2254,14.395,0.033,13.66,0.126,12.641,0.026,12.372,0.023,12.311,0.023,13.6237,0.000458,13.9271,0.001587,13.1639,0.001104,12.297,0.025,12.299,0.029,12.221,0.355,8.354,,Theia342,100.0,Kounkel2020,6611.0,1.05893,1.38
142675673,2.949399710556766e+18,103.678756398638,-13.6190596369271,1.23379,12.781,13.972,0.046,13.265,0.114,12.171,0.024,11.883,0.022,11.805,0.023,13.2003,0.000527,13.5194,0.002273,12.7193,0.001377,11.773,0.024,11.8,0.022,11.611,0.201,8.886,,Theia342,100.0,Kounkel2020,6285.0,1.4868,1.229
142676143,2.9493899867508634e+18,103.569718179048,-13.7993024922952,0.613446,16.2175,18.253,0.0,16.902,0.06,15.26,0.059,14.861,0.082,14.621,0.113,16.8572,0.001074,17.3845,0.012475,16.1449,0.009616,14.357,0.031,14.411,0.05,11.978,,8.967,,Theia342,100.0,Kounkel2020,5381.0,0.894221,0.93
142676181,2.949386860015188e+18,103.641608935995,-13.8182916506803,1.14885,12.2871,13.276,0.02,12.694,0.092,11.749,0.021,11.53,0.021,11.506,0.024,12.6395,0.000268,12.9014,0.001603,12.2281,0.001783,11.485,0.023,11.496,0.023,11.973,0.351,8.823,,Theia342,100.0,Kounkel2020,6676.0,1.80348,1.41
142677067,2.9489888368051164e+18,103.563143620653,-14.1969901132231,1.14534,12.1737,12.487,0.097,12.386,0.057,11.764,0.022,11.788,0.022,11.739,0.026,12.3617,0.000247,12.5001,0.00105,12.1143,0.000849,11.602,0.023,11.612,0.021,11.673,0.244,9.003,,Theia342,100.0,Kounkel2020,8001.0,1.51523,1.93
146874059,2.9481529674492723e+18,103.887592914968,-14.8510859044244,1.08895,14.6563,15.401,0.108,15.325,0.115,13.955,0.024,13.605,0.029,13.484,0.044,15.1493,0.000957,15.5406,0.00293,14.5964,0.002088,13.482,0.025,13.542,0.031,12.225,,9.059,,Theia342,100.0,Kounkel2020,5822.0,0.809903,1.05
147584992,2.948493575537172e+18,105.066684688306,-14.5574366711907,1.2232,14.4578,15.939,0.025,15.128,0.263,13.674,0.029,13.308,0.025,13.27,0.041,14.9702,0.000726,15.3831,0.004475,14.3985,0.002204,13.095,0.026,13.14,0.03,12.505,,8.489,,Theia342,100.0,Kounkel2020,5546.0,0.832804,0.98
146986991,2.949298757344176e+18,104.153074591704,-14.292982537624,1.21539,12.4215,13.202,0.046,12.757,0.08,11.968,0.024,11.836,0.025,11.777,0.021,12.7039,0.000255,12.9095,0.00155,12.3613,0.000811,11.738,0.022,11.772,0.022,11.812,0.23,8.902,,Theia342,100.0,Kounkel2020,7239.0,1.44419,1.63
147038244,2.948082358183845e+18,104.185455837269,-15.1676911186475,1.32407,16.2323,18.908,0.105,17.7177,0.0468,15.043,0.033,14.361,0.058,14.265,0.072,17.1412,0.001701,18.0076,0.012395,16.231,0.008218,14.155,0.028,14.205,0.046,12.11,,8.667,,Theia342,100.0,Kounkel2020,3992.0,0.63097,0.612657
147042213,2.9494096405213947e+18,104.23069540224,-13.6514215742918,1.20416,15.7698,18.376,0.107,16.564,0.206,14.711,0.033,14.143,0.036,14.103,0.063,16.4991,0.001717,17.197,0.022657,15.7347,0.008561,13.85,0.028,13.868,0.04,12.238,,9.07,,Theia342,100.0,Kounkel2020,4520.0,0.716213,0.71
147263004,2.94945994317602e+18,104.595215660134,-13.5178342085128,0.621887,16.0747,17.605,0.121,16.541,0.458,14.962,0.051,14.623,0.058,14.456,0.093,16.692,0.000925,17.1473,0.023795,15.9561,0.010851,14.262,0.029,14.38,0.053,12.684,,8.834,,Theia342,100.0,Kounkel2020,5745.0,0.879677,1.03
147263718,2.949346246804628e+18,104.624014458476,-13.7767127345164,0.979959,12.7527,13.821,0.018,13.209,0.08,12.142,0.023,11.913,0.026,11.835,0.019,13.1357,0.000505,13.4213,0.00238,12.6886,0.001883,11.808,0.022,11.865,0.024,11.588,0.198,8.975,,Theia342,100.0,Kounkel2020,6606.0,1.77647,1.38
147305544,2.948482442981602e+18,104.667801113506,-14.6367082458713,1.3397,13.5649,14.746,0.07,14.064,0.126,12.949,0.036,12.66,0.039,12.576,0.039,13.9936,0.000349,14.3243,0.001851,13.5061,0.001329,12.546,0.034,12.559,0.036,11.954,,8.631,,Theia342,100.0,Kounkel2020,6234.0,0.970989,1.21
147427000,2.949469525248163e+18,104.823903384463,-13.3079174426994,1.35133,15.0716,17.041,0.113,15.895,0.069,14.189,0.029,13.674,0.027,13.657,0.045,15.7011,0.000847,16.2559,0.003917,15.0202,0.002612,13.552,0.025,13.551,0.033,11.992,,9.195,,Theia342,100.0,Kounkel2020,4893.0,0.723722,0.8
146985981,2.949352294118846e+18,104.134504554089,-13.9016834768603,1.17489,16.2786,18.877,0.114,17.4931,0.0463,15.207,0.051,14.411,0.062,14.495,0.093,17.0483,0.001455,17.7667,0.010803,16.2158,0.00524,14.297,0.038,14.475,0.058,12.098,,8.768,,Theia342,100.0,Kounkel2020,4452.0,0.619383,0.7
147373743,2.9494632073549256e+18,104.761044727626,-13.4814804411968,0.50796,13.7036,15.499,0.06,14.617,0.103,12.752,0.024,12.429,0.023,12.334,0.026,14.3327,0.000544,14.8653,0.002709,13.6407,0.001494,12.197,0.023,12.188,0.023,12.384,0.388,9.046,,Theia342,100.0,Kounkel2020,6776.0,3.07341,1.45
147481225,2.947814180429792e+18,104.987716006158,-15.5539587036232,1.06054,14.6028,16.261,0.07,15.434,0.126,13.857,0.029,13.549,0.023,13.461,0.044,15.1405,0.000588,15.5749,0.002846,14.5404,0.001482,13.328,0.025,13.384,0.031,11.934,0.256,8.443,,Theia342,100.0,Kounkel2020,6223.0,0.885714,1.2
146986953,2.9492989635027645e+18,104.142576946559,-14.2809207760337,0.319197,16.4593,17.97,0.126,17.3725,0.0464,15.53,0.061,15.169,0.089,14.992,0.142,17.0895,0.001208,17.6046,0.013904,16.3864,0.007498,14.719,0.031,14.763,0.063,12.775,,9.1,,Theia342,100.0,Kounkel2020,6233.0,1.35865,1.21
147041058,2.9493109593536266e+18,104.287799874802,-14.0903319594864,1.20899,12.4423,13.187,0.064,12.766,0.057,12.011,0.024,11.864,0.022,11.834,0.023,12.7081,0.000822,12.9017,0.003315,12.3813,0.001504,11.804,0.023,11.802,0.021,11.576,0.19,8.868,,Theia342,100.0,Kounkel2020,7406.0,1.40512,1.69
147041368,2.949347999151541e+18,104.244824922694,-13.9689060573227,0.407011,15.0493,16.429,0.081,15.779,0.046,14.268,0.03,14.023,0.039,13.786,0.049,15.556,0.000516,15.96,0.003596,14.9819,0.001532,13.875,0.029,13.934,0.041,12.282,,9.093,,Theia342,100.0,Kounkel2020,6601.0,1.7123,1.38
147253664,2.949358478871546e+18,104.426110102894,-13.7238248969929,0.824084,16.08,17.728,0.116,17.183,0.0466,14.95,0.037,14.347,0.033,14.338,0.087,16.8052,0.001247,17.447,0.01584,16.0245,0.00295,14.135,0.029,14.238,0.048,12.373,,9.074,,Theia342,100.0,Kounkel2020,4962.0,0.847511,0.82
147263423,2.9494418699575736e+18,104.655742717618,-13.6759760126454,0.643668,16.0512,18.072,0.116,17.088,0.0461,15.038,0.041,14.635,0.043,14.55,0.095,16.7444,0.000943,17.3519,0.0082,15.9996,0.006355,14.357,0.033,14.446,0.054,12.603,0.474,8.996,,Theia342,100.0,Kounkel2020,5130.0,1.01974,0.86
147483806,2.948503673000294e+18,104.942725639531,-14.5688372050714,1.50063,15.4175,17.957,0.108,16.304,0.378,14.41,0.03,13.809,0.031,13.666,0.045,16.146,0.001401,16.8213,0.007433,15.3671,0.002826,13.612,0.026,13.684,0.039,12.54,,8.548,,Theia342,100.0,Kounkel2020,4583.0,0.670322,0.724
147640365,2.9485149086338683e+18,105.26268521978,-14.3297694179909,1.51507,16.4179,19.007,0.112,18.0036,0.0513,15.146,0.05,14.47,0.071,14.499,0.091,17.371,0.001336,18.288,0.034604,16.4233,0.005843,,,,,,,,,Theia342,100.0,Kounkel2020,3898.0,0.536341,0.532804
147037906,2.9480443563168937e+18,104.297875407108,-15.3147885160464,1.33309,13.2917,14.707,0.07,13.974,0.114,12.54,0.024,12.195,0.022,12.14,0.029,13.794,0.000494,14.1892,0.001437,13.2266,0.001489,12.049,0.023,12.048,0.022,12.711,0.52,9.023,,Theia342,100.0,Kounkel2020,5885.0,1.26805,1.07
147042554,2.9494168560664e+18,104.186016485697,-13.5078399053787,0.671394,13.9645,15.545,0.151,14.665,0.114,13.122,0.027,12.783,0.023,12.653,0.024,14.5198,0.000372,14.9668,0.001633,13.8986,0.001656,12.613,0.023,12.618,0.026,12.249,,8.824,,Theia342,100.0,Kounkel2020,6050.0,1.91306,1.13
147117015,2.949538283382475e+18,104.264977742852,-13.0768417043785,1.08083,16.2994,17.785,0.134,16.556,0.15,15.256,0.075,14.628,0.098,14.236,,17.014,0.001241,17.6844,0.014922,16.2535,0.004563,14.038,0.028,14.172,0.045,12.11,,9.005,,Theia342,100.0,Kounkel2020,4542.0,0.610089,0.72
147125117,2.949350335614068e+18,104.369262711885,-13.887086590508,0.403158,14.9465,17.748,0.1,16.216,0.08,13.621,0.03,13.014,0.024,12.845,0.031,15.7851,0.000607,16.5745,0.006425,14.8996,0.005359,12.767,0.023,12.762,0.026,12.34,,8.953,,Theia342,100.0,Kounkel2020,4562.0,3.47641,
147125349,2.949335457846992e+18,104.374560166457,-13.9822623530841,0.871902,13.0402,14.305,0.064,13.575,0.069,12.39,0.026,12.091,0.027,12.067,0.024,13.4803,0.00029,13.8232,0.001255,12.9785,0.001439,12.003,0.022,12.023,0.023,11.96,0.327,8.864,,Theia342,100.0,Kounkel2020,6533.0,1.89557,1.35
61498227,2.95268725032423e+18,102.711139407196,-12.9160191820184,1.1569,16.3033,18.908,0.054,17.6859,0.0484,15.044,0.04,14.372,0.047,14.284,0.079,17.1447,0.002185,17.9471,0.025412,16.2281,0.003812,14.228,0.031,14.31,0.049,12.246,,8.849,,Theia342,100.0,Kounkel2020,4263.0,0.71003,0.67
748185215,2.952794109105106e+18,102.875188645363,-12.2665803065288,1.17537,14.8512,,,15.5907,0.0465,,,,,,,15.3844,0.001332,15.7113,0.016398,14.687,0.013966,,,,,,,,,Theia342,100.0,Kounkel2020,5723.0,0.732567,1.02
142523779,2.9489997975611003e+18,103.279879866703,-14.1343491058685,1.11998,12.9408,13.92,0.049,13.341,0.092,12.431,0.026,12.227,0.026,12.192,0.027,13.2916,0.000315,13.5515,0.001917,12.8775,0.000924,12.12,0.023,12.125,0.022,11.947,0.29,8.695,,Theia342,100.0,Kounkel2020,6857.0,1.36183,1.49
142524945,2.9495842910736584e+18,103.309101379147,-13.6264419088546,0.698577,14.944,15.951,0.112,15.549,0.092,14.207,0.03,13.888,0.047,13.739,0.052,15.4224,0.000642,15.796,0.002492,14.8804,0.001773,13.675,0.025,13.71,0.036,12.596,,8.501,,Theia342,100.0,Kounkel2020,6039.0,1.05216,1.12
95402625,2.949380297305119e+18,103.772516572816,-13.838310063846,0.565258,14.1353,15.396,0.043,14.75,0.092,13.388,0.024,13.075,0.026,12.944,0.031,14.6231,0.000391,15.0058,0.002146,14.0703,0.001148,12.976,0.026,13.012,0.029,12.061,,9.15,,Theia342,100.0,Kounkel2020,6227.0,1.87515,1.2
142669564,2.9496927991259546e+18,103.541530208258,-12.9490281631505,1.17833,12.963,12.729,0.091,13.356,0.08,12.408,0.027,12.244,0.029,12.193,0.029,13.3154,0.00044,13.5768,0.001597,12.9003,0.001414,11.713,0.022,11.779,0.022,11.934,0.35,9.085,,Theia342,100.0,Kounkel2020,6828.0,1.28582,1.47
147487380,2.9494910000848256e+18,105.018735285503,-13.2604250714664,1.11704,14.7953,16.224,0.058,15.257,0.16,13.709,0.043,13.316,0.057,13.164,0.045,15.3823,0.000788,15.8254,0.00838,14.6895,0.016627,12.731,0.024,12.791,0.029,11.761,0.231,8.628,,Theia342,100.0,Kounkel2020,5341.0,,
146988428,2.9481408384615834e+18,104.062434976748,-14.8674104944987,1.16985,13.7335,15.217,0.094,14.474,0.114,12.949,0.026,12.618,0.022,12.577,0.033,14.2444,0.001311,14.6575,0.005555,13.677,0.002008,12.468,0.023,12.505,0.025,11.962,,9.167,,Theia342,100.0,Kounkel2020,5681.0,1.19703,1.01
147254971,2.949520347599054e+18,104.482154749328,-13.2521051533035,0.536693,14.4557,15.872,0.077,15.123,0.172,13.721,0.03,13.471,0.027,13.313,0.038,14.9285,0.000499,15.3047,0.002542,14.3818,0.00154,13.314,0.026,13.346,0.033,12.648,,8.95,,Theia342,100.0,Kounkel2020,7117.0,1.64484,1.58
147485091,2.9485721175983314e+18,105.008888467583,-14.0869938002173,1.14742,12.2509,12.326,0.347,12.565,0.23,11.83,0.022,11.72,0.023,11.685,0.024,12.4581,0.000322,12.6112,0.001609,12.1827,0.001232,11.611,0.024,11.625,0.022,12.112,0.315,8.532,,Theia342,100.0,Kounkel2020,8128.0,1.50417,1.98
147834333,2.94828246930666e+18,105.422321491761,-14.8650779590669,1.14811,15.5662,17.196,0.115,16.569,0.4,14.605,0.035,14.156,0.022,13.925,0.061,16.237,0.001179,16.8286,0.007281,15.5186,0.00391,13.956,0.037,14.045,0.05,12.606,,8.852,,Theia342,100.0,Kounkel2020,5070.0,0.703697,0.85
142676815,2.949366656489172e+18,103.641365728097,-14.0792844357582,0.664394,11.9376,14.677,0.064,13.139,0.092,10.638,0.021,10.029,0.024,9.831,0.019,12.7491,0.00031,13.5308,0.002147,11.9044,0.001292,9.746,0.023,9.849,0.02,9.722,0.047,9.04,,Theia342,100.0,Kounkel2020,4512.0,8.33206,
142716657,2.9488886438087926e+18,103.579509291137,-14.72636928646,1.21387,14.6476,15.785,0.113,15.41,0.149,13.84,0.032,13.425,0.035,13.316,0.042,15.2056,0.001025,15.6689,0.003217,14.592,0.003165,13.332,0.025,13.478,0.03,12.461,,8.572,,Theia342,100.0,Kounkel2020,5419.0,0.830648,0.94
146869761,2.9497230356958725e+18,103.926824787935,-13.0683594043081,1.24373,13.3039,14.328,0.087,13.738,0.114,12.746,0.027,12.506,0.029,12.457,0.033,13.6833,0.000252,13.9677,0.001473,13.2451,0.000773,12.34,0.024,12.368,0.025,12.1,0.315,8.968,,Theia342,100.0,Kounkel2020,6416.0,1.09111,1.29
146915947,2.9493763115754194e+18,103.994247709107,-13.9094332238422,1.15386,12.928,13.846,0.036,13.249,0.08,12.391,0.033,12.242,0.04,12.174,0.037,13.2699,0.000349,13.523,0.002548,12.8684,0.001677,12.086,0.031,12.114,0.032,11.713,0.342,8.584,,Theia342,100.0,Kounkel2020,6774.0,1.31465,1.45
747951687,2.9494910000848256e+18,105.018735285503,-13.2604250714664,1.11704,14.7953,,,15.6312,0.0465,,,,,,,15.3823,0.000788,15.8254,0.00838,14.6895,0.016627,,,,,,,,,Theia342,100.0,Kounkel2020,5341.0,,
148177089,3.0447464727014364e+18,106.120322250724,-13.4044946893512,1.2068,15.4984,18.067,-0.308,16.611,0.549,14.501,0.034,13.929,0.036,13.796,0.054,16.2096,0.00093,16.8674,0.00879,15.4513,0.002745,13.798,0.026,14.01,0.043,12.04,,8.823,,Theia342,100.0,Kounkel2020,4624.0,0.776291,0.73
146984593,2.94943080182289e+18,104.168931794563,-13.3646402671076,1.16208,16.5121,17.904,0.119,17.8532,0.0468,15.265,0.045,14.58,0.057,14.503,0.094,17.3332,0.00212,18.1191,0.012388,16.4356,0.009817,14.366,0.042,14.595,0.067,12.327,,8.66,,Theia342,100.0,Kounkel2020,4231.0,0.630503,0.66
146985880,2.949353290550635e+18,104.113285577795,-13.8630023466326,1.51992,15.3655,17.86,0.119,16.221,0.092,14.311,0.023,13.77,0.035,13.54,0.042,16.105,0.000846,16.797,0.006657,15.3097,0.002341,13.496,0.027,13.677,0.036,12.716,,8.895,,Theia342,100.0,Kounkel2020,4481.0,0.696447,0.7
146986134,2.9493282766611845e+18,104.056776431407,-13.9623751465955,0.736514,15.0005,16.629,0.043,15.691,0.126,14.136,0.029,13.794,0.035,13.698,0.049,15.5626,0.000688,16.0135,0.004697,14.9319,0.001623,13.622,0.026,13.634,0.035,11.685,0.228,8.729,,Theia342,100.0,Kounkel2020,6026.0,1.10056,1.12
147041721,2.949353015673301e+18,104.177723089723,-13.8403373819704,1.14591,14.841,16.353,0.114,15.636,0.103,14.011,0.029,13.657,0.033,13.549,0.044,15.4007,0.001187,15.8579,0.004528,14.7798,0.002393,13.489,0.025,13.516,0.033,12.401,,9.235,,Theia342,100.0,Kounkel2020,5578.0,0.794629,0.98
147711141,2.9484962212373e+18,105.30447940813,-14.5097707453633,1.27255,15.3584,17.246,0.114,16.42,0.16,14.363,0.032,13.85,0.033,13.61,0.045,16.0364,0.000677,16.6483,0.00667,15.3106,0.002526,13.652,0.026,13.72,0.039,12.527,,8.784,,Theia342,100.0,Kounkel2020,4793.0,0.731741,0.77
148111879,2.948334142049648e+18,105.991649357914,-14.7501531466861,0.990948,13.7723,15.229,0.025,14.461,0.183,13.043,0.033,12.732,0.031,12.679,0.034,14.2528,0.000201,14.6328,0.001052,13.7132,0.000878,,,,,,,,,Theia342,100.0,Kounkel2020,6007.0,1.29063,1.11
124806823,3.046075709239498e+18,104.876036650378,-11.3712900241874,1.12732,16.4098,18.967,0.115,17.5447,0.0465,15.359,0.05,14.817,0.068,14.705,0.101,17.1426,0.001198,17.8135,0.013825,16.3433,0.004526,14.6,0.033,14.63,0.053,11.646,,8.673,,Theia344,213.79620895022325,Kounkel2020,4512.0,0.574921,0.71
124806980,3.046078011342041e+18,104.916315286456,-11.3013839848165,1.07946,14.9463,16.735,0.074,15.717,0.137,14.124,0.03,13.733,0.03,13.57,0.037,15.5485,0.000919,16.0584,0.004997,14.8947,0.002244,13.485,0.027,13.538,0.036,12.649,,8.851,,Theia344,213.79620895022325,Kounkel2020,5478.0,0.862772,0.96
125640756,3.046046988796878e+18,105.910058143333,-11.2385941985587,1.57496,12.9453,14.051,0.027,13.45,0.114,12.37,0.026,12.106,0.024,12.02,0.026,13.3444,0.000601,13.6469,0.002508,12.8866,0.001899,12.003,0.023,12.021,0.026,10.504,0.211,8.1,0.435,Theia344,213.79620895022325,Kounkel2020,6318.0,1.05276,1.24
125126742,3.04610646550358e+18,105.309417211458,-11.1515029455447,1.88157,12.7837,13.929,0.018,13.307,0.057,12.226,0.024,11.905,0.023,11.865,0.025,13.2027,0.000521,13.5224,0.00254,12.7245,0.001577,11.809,0.025,11.856,0.026,11.874,,8.373,,Theia344,213.79620895022325,Kounkel2020,6095.0,0.988494,1.144
125337630,3.0461003151103053e+18,105.551553244143,-11.1559601010655,1.20101,13.5153,14.638,0.021,14.06,0.126,12.893,0.026,12.63,0.024,12.596,0.031,13.9265,0.000774,14.2408,0.002685,13.4535,0.002229,12.532,0.023,12.544,0.023,12.152,,8.733,,Theia344,213.79620895022325,Kounkel2020,6534.0,1.0702,1.35
125337793,3.0461018569976346e+18,105.560903518139,-11.0963845030514,1.71015,11.66,12.357,0.014,12.014,0.069,11.259,0.022,11.152,0.022,11.057,0.019,11.9201,0.000256,12.1064,0.001343,11.6053,0.000815,11.018,0.023,11.044,0.021,9.768,0.049,7.391,0.15,Theia344,213.79620895022325,Kounkel2020,7133.0,1.42171,1.59
125496555,3.046102651573036e+18,105.667133292563,-11.063075782404,1.47936,15.3606,17.309,0.114,16.5403,0.0483,14.054,0.039,13.371,0.055,13.226,0.052,16.1128,0.001873,16.701,0.016374,15.1823,0.022828,12.992,0.029,13.03,0.035,10.009,0.093,8.169,0.305,Theia344,213.79620895022325,Kounkel2020,4433.0,0.731382,0.69
148026445,3.045797159141906e+18,105.821568558331,-11.9762044662329,1.19296,15.194,17.006,0.079,16.035,0.206,14.313,0.033,13.874,0.023,13.796,0.052,15.8118,0.001052,16.3467,0.005772,15.1363,0.003726,13.665,0.033,13.726,0.041,11.897,,8.787,,Theia344,213.79620895022325,Kounkel2020,4935.0,0.756938,0.81
125640770,3.0460469544371425e+18,105.906389949048,-11.2447644669739,1.56319,14.8039,16.7,0.024,15.604,0.252,13.902,0.029,13.421,0.035,13.273,0.035,15.4309,0.000686,15.9762,0.005063,14.7488,0.002322,13.072,0.031,13.132,0.039,9.885,0.356,7.199,0.242,Theia344,213.79620895022325,Kounkel2020,4965.0,0.700799,0.82
147259109,3.045921610111567e+18,104.57473554399,-12.0764891920632,1.38024,15.5774,17.801,0.114,16.071,1.133,14.592,0.039,13.97,0.033,13.874,0.057,16.274,0.000846,16.9041,0.009294,15.5193,0.002583,,,,,,,,,Theia344,213.79620895022325,Kounkel2020,4650.0,0.640162,0.739
177127310,3.0461989962812774e+18,106.417661362204,-11.5250040205959,1.40319,13.632,14.939,0.03,14.19,0.114,12.945,0.028,12.588,0.034,12.564,0.033,14.0946,0.000287,14.455,0.002263,13.5709,0.002148,12.387,0.024,12.44,0.027,12.427,,9.072,,Theia344,213.79620895022325,Kounkel2020,5737.0,0.974037,1.02
147577986,3.045902403018164e+18,105.111761839581,-11.996767667923,1.53695,12.1969,13.249,0.014,12.679,0.149,11.636,0.026,11.395,0.023,11.331,0.023,12.5838,0.000224,12.8787,0.001619,12.141,0.001143,11.262,0.022,11.324,0.02,11.614,0.22,8.623,,Theia344,213.79620895022325,Kounkel2020,6435.0,1.4919,1.3
125640291,3.0464290690862e+18,105.949046360427,-11.0474988996802,1.51498,16.5702,19.33,0.11,18.3727,0.0539,15.321,0.051,14.551,0.058,14.346,0.077,17.6143,0.001741,18.6383,0.038901,16.5899,0.007011,13.968,0.035,13.87,0.047,9.361,0.097,7.554,0.156,Theia344,213.79620895022325,Kounkel2020,3730.0,0.564205,0.557854
177275980,3.046220844774128e+18,106.542301737698,-11.2850887835959,1.49801,12.3383,13.25,0.026,12.765,0.103,11.862,0.022,11.632,0.021,11.608,0.024,12.6692,0.000306,12.915,0.0014,12.2722,0.001332,11.576,0.024,11.599,0.023,12.041,0.471,8.532,,Theia344,213.79620895022325,Kounkel2020,7173.0,1.31192,1.6
147173083,2.94772467331238e+18,104.334059934745,-15.9550389274057,2.04236,13.9272,15.742,0.078,14.694,0.114,13.058,0.024,12.589,0.026,12.502,0.028,14.5165,0.001606,15.0162,0.00547,13.8664,0.003918,12.438,0.023,12.539,0.026,12.121,0.396,8.629,,Theia458,169.8243652461746,Kounkel2020,5031.0,0.756615,0.84
147172914,2.947821907071564e+18,104.34044636822,-15.8879156525901,1.86639,14.3841,16.347,0.113,15.526,0.137,13.457,0.029,12.96,0.033,12.827,0.032,15.0379,0.000762,15.6141,0.002532,14.3206,0.001449,12.544,0.024,12.563,0.023,12.678,,8.939,,Theia458,169.8243652461746,Kounkel2020,4732.0,0.765224,0.759
147370804,2.948570610069944e+18,104.79357913171,-14.1630491871826,2.57521,14.6258,17.061,0.106,15.731,0.126,13.488,0.024,12.825,0.026,12.706,0.027,15.4098,0.001271,16.1691,0.008491,14.5627,0.003887,12.637,0.024,12.699,0.027,12.041,0.333,9.129,,Theia458,169.8243652461746,Kounkel2020,4255.0,0.639843,0.665
147364982,2.9478605660782664e+18,104.757151364779,-15.4609333760976,1.71481,11.7819,12.675,0.049,12.153,0.069,11.3,0.023,11.113,0.023,11.081,0.021,12.099,0.000157,12.3324,0.001032,11.7222,0.000689,11.038,0.023,11.063,0.021,11.01,0.12,8.739,,Theia458,169.8243652461746,Kounkel2020,6984.0,1.45578,1.53
147305441,2.948483095816615e+18,104.649960494727,-14.5989261223142,2.82493,14.248,16.656,0.106,15.16,0.057,13.116,0.023,12.493,0.025,12.384,0.03,14.9906,0.002427,15.6618,0.008937,14.1696,0.006132,12.251,0.023,12.287,0.025,11.96,,8.936,,Theia458,169.8243652461746,Kounkel2020,4492.0,0.632118,0.71
142719185,2.947927322748196e+18,103.610366767942,-15.9028057740371,1.81581,16.9267,,,,,15.125,0.045,14.593,0.1,14.289,0.096,18.2609,0.002265,19.7902,0.060365,17.0037,0.008855,14.198,0.036,14.108,0.047,12.278,,8.081,,Theia458,169.8243652461746,Kounkel2020,3286.0,0.509599,0.507462
147433857,2.94776407963182e+18,104.908392067655,-15.9099582759244,1.90571,16.1875,19.885,0.176,18.2793,0.0466,14.723,0.04,14.011,0.029,13.892,0.057,17.3274,0.001063,18.5301,0.009619,16.2273,0.003386,13.727,0.026,13.694,0.035,12.626,0.521,8.82,,Theia458,169.8243652461746,Kounkel2020,3547.0,0.555433,0.550115
147958560,2.9361404249626737e+18,105.77098058758,-15.9089116367582,2.19637,16.4601,16.851,0.121,18.5441,0.0481,15.105,0.055,14.369,0.073,14.111,0.08,17.6091,0.001082,18.7798,0.017124,16.4981,0.005381,,,,,,,,,Theia458,169.8243652461746,Kounkel2020,3560.0,0.469157,0.466763
147835566,2.94830772371427e+18,105.444537425322,-14.6039505998782,2.87679,13.519,13.282,0.099,14.416,0.126,12.593,0.03,12.027,0.027,11.947,0.029,14.1687,0.000325,14.7469,0.001813,13.4625,0.001225,11.865,0.026,11.946,0.026,11.623,,8.74,,Theia458,169.8243652461746,Kounkel2020,4751.0,0.736935,0.763
147701054,2.94948735794877e+18,105.265920238223,-13.1815296000864,2.27744,16.3333,19.975,0.176,18.5601,0.051,14.902,0.035,14.224,0.039,14.053,0.068,17.5037,0.001642,18.8121,0.025456,16.3828,0.006082,13.915,0.027,13.786,0.034,12.609,,9.193,,Theia458,169.8243652461746,Kounkel2020,3471.0,0.467051,0.464569
147966759,3.0448175629993134e+18,105.675246719718,-13.0816807668506,2.88711,12.8368,14.538,0.063,13.534,0.103,12.047,0.024,11.631,0.024,11.583,0.023,13.3882,0.00055,13.8503,0.002157,12.7831,0.001426,11.517,0.023,11.545,0.022,11.301,0.168,9.076,,Theia458,169.8243652461746,Kounkel2020,5262.0,0.819322,0.901
148036120,2.948206706082003e+18,105.904930409864,-15.2777010693349,1.64931,15.704,18.528,0.102,17.2125,0.0461,14.535,0.03,13.824,0.038,13.654,0.043,16.6269,0.000937,17.4953,0.007428,15.7041,0.002875,13.606,0.026,13.715,0.036,12.305,0.408,8.341,,Theia458,169.8243652461746,Kounkel2020,3976.0,0.65399,0.630109
148347924,3.044717640583304e+18,106.288443633886,-13.7251292893676,2.8999,16.56,20.309,0.176,18.9068,0.0876,14.912,0.051,14.342,0.067,14.053,0.077,17.8179,0.002924,19.0796,0.086189,16.6123,0.007375,13.685,0.025,13.665,0.034,12.709,,8.796,,Theia458,169.8243652461746,Kounkel2020,3450.0,0.390247,0.380429
148179418,2.9484355075820134e+18,106.087832224386,-14.1837692681812,2.61322,15.861,19.715,0.171,18.3313,0.0525,14.258,0.032,13.625,0.036,13.367,0.037,17.1193,0.000988,18.5309,0.027854,15.9246,0.003986,13.261,0.027,13.092,0.03,12.562,0.531,8.512,,Theia458,169.8243652461746,Kounkel2020,3376.0,0.528859,0.525842
148349874,2.948370189717368e+18,106.286087874408,-14.4208073346894,2.54718,9.61932,9.735,0.052,9.679,0.005,9.431,0.029,9.411,0.022,9.409,0.021,9.65614,0.000314,9.70877,0.000614,9.57696,0.00055,9.393,0.023,9.415,0.021,9.442,0.044,8.627,,Theia458,169.8243652461746,Kounkel2020,9539.0,1.80788,2.428
148291323,2.9360959290998523e+18,106.277904724539,-15.8268418033461,1.98601,13.5587,15.147,0.016,14.152,0.092,12.754,0.026,12.382,0.026,12.336,0.026,14.0915,0.00106,14.4975,0.004703,13.4719,0.003829,12.251,0.024,12.305,0.024,11.875,0.255,8.999,,Theia458,169.8243652461746,Kounkel2020,5509.0,0.80798,0.967
148349921,2.948369292063624e+18,106.324401855348,-14.4406296314416,2.24558,17.2191,,,19.4934,0.0639,15.658,0.068,14.941,0.101,14.775,0.127,18.5038,0.001495,19.6111,0.053363,17.2618,0.009078,14.512,0.029,14.408,0.052,12.358,,9.029,,Theia458,169.8243652461746,Kounkel2020,3518.0,0.370274,0.357585
148354018,2.936082631881128e+18,106.351515907098,-15.9192743307343,1.62254,15.8895,18.983,0.184,17.2702,0.0467,14.619,0.036,13.868,0.038,13.833,0.057,16.7228,0.001997,17.5437,0.013072,15.8144,0.004901,13.689,0.026,13.662,0.033,12.097,,8.711,,Theia458,169.8243652461746,Kounkel2020,4094.0,0.632549,0.64
148236058,2.9482154291566515e+18,106.044097520544,-15.1345046573311,1.83748,15.9591,17.937,0.112,17.587,0.0466,14.513,0.038,13.929,0.051,13.75,0.063,16.9488,0.00089,17.8387,0.009946,15.9655,0.006944,13.502,0.028,13.502,0.037,12.008,,8.577,,Theia458,169.8243652461746,Kounkel2020,3889.0,0.593443,0.582706
147779898,2.9481730335374054e+18,105.533267565441,-15.5251043057477,5.90551,15.1791,20.17,0.163,,,13.382,0.026,12.758,0.021,12.468,0.024,16.6148,0.000903,18.5148,0.012545,15.2913,0.002638,12.196,0.022,11.839,0.023,9.837,0.045,7.635,0.139,Theia509,269.1534803926914,Kounkel2020,3080.0,0.395947,0.386897
748249095,2.953186050645784e+18,102.168029678683,-11.4377888773083,5.70153,13.4311,,,15.4444,0.0467,,,,,,,14.4666,0.001502,15.6993,0.009554,13.3645,0.004175,,,,,,,,,Theia509,269.1534803926914,Kounkel2020,3653.0,0.724731,0.531
125641360,3.0460270945084283e+18,105.998215752603,-11.4813581127385,6.00083,12.625,15.234,0.021,13.74,0.149,11.542,0.024,10.891,0.021,10.779,0.023,13.4052,0.000345,14.1676,0.001498,12.5634,0.000776,10.687,0.023,10.774,0.021,11.011,0.225,8.563,,Theia509,269.1534803926914,Kounkel2020,4216.0,0.69715,0.659
142461392,2.9487744320374185e+18,103.082989514233,-15.1621646118429,6.47506,15.2398,19.659,0.165,,,13.601,0.028,13.045,0.031,12.772,0.027,16.5311,0.002093,18.0839,0.01426,15.3164,0.005791,12.639,0.024,12.46,0.025,11.957,0.289,8.243,,Theia509,269.1534803926914,Kounkel2020,3295.0,0.330145,0.311259
146873023,2.948924064401916e+18,103.892986193777,-14.4049279165977,5.73348,15.9633,19.715,0.17,,,14.259,0.023,13.746,0.036,13.368,0.031,17.3037,0.001921,18.9428,0.037581,16.0492,0.006508,13.315,0.025,13.133,0.029,12.669,,9.224,,Theia509,269.1534803926914,Kounkel2020,3234.0,0.29139,0.266824
148235412,2.948315965752711e+18,106.061304533228,-14.9097562930021,7.03982,16.3183,18.298,0.108,,,14.496,0.041,13.843,0.038,13.668,0.048,17.742,0.001338,19.463,0.108971,16.416,0.006847,13.324,0.025,13.221,0.028,12.238,0.441,8.914,,Theia509,269.1534803926914,Kounkel2020,3161.0,0.218023,0.187132
148296107,2.948441898493486e+18,106.164922026589,-14.1299839342048,5.86631,10.6469,11.546,0.155,10.933,0.011,10.046,0.027,9.735,0.022,9.633,0.021,11.0859,0.001158,11.4405,0.002365,10.6034,0.00164,9.637,0.024,9.655,0.02,9.549,0.04,8.489,,Theia509,269.1534803926914,Kounkel2020,5824.0,0.897681,1.049
146873387,2.948917471625757e+18,103.89374372683,-14.557458423163,5.22406,10.896,12.221,0.298,11.583,0.021,10.172,0.029,9.808,0.027,9.673,0.023,11.3878,0.001041,11.722,0.002835,10.7777,0.002606,9.586,0.023,9.62,0.019,9.555,0.041,8.035,,Theia509,269.1534803926914,Kounkel2020,5499.0,0.996547,0.964
147583869,2.9486625910905e+18,105.071960136084,-14.1275997790977,5.02035,15.5453,19.571,0.167,,,13.19,0.048,12.62,0.058,12.289,0.041,16.8311,0.001503,18.709,0.032347,15.4831,0.007986,11.732,0.023,11.53,0.022,11.583,0.189,9.113,,Theia509,269.1534803926914,Kounkel2020,,,
147779889,2.948173029238472e+18,105.536310116878,-15.5276048293342,6.11341,15.4035,20.272,0.165,,,13.632,0.042,13.022,0.04,12.763,0.038,16.7972,0.000991,18.5836,0.013978,15.5042,0.002488,12.486,0.023,12.26,0.025,11.992,0.33,8.839,,Theia509,269.1534803926914,Kounkel2020,3146.0,0.346775,0.330481
61583897,2.947982745007184e+18,102.886565714557,-15.6333058352305,5.8281,13.7442,16.659,0.162,15.596,0.057,12.462,0.024,11.815,0.027,11.573,0.021,14.7822,0.000639,15.8317,0.004517,13.7668,0.001167,11.446,0.023,11.413,0.022,11.048,0.118,8.908,,Theia509,269.1534803926914,Kounkel2020,3716.0,0.538684,0.534963
147369344,2.948485535357927e+18,104.772055222647,-14.4841422794919,6.04756,8.30961,9.06,0.034,8.691,0.002,7.913,0.027,7.797,0.044,7.671,0.016,8.58631,0.000364,8.79705,0.000643,8.26866,0.001683,7.624,0.027,7.651,0.02,7.643,0.02,7.519,0.115,Theia509,269.1534803926914,Kounkel2020,6916.0,1.95115,1.508
61492170,2.9487459821745147e+18,102.770770841944,-15.3923172624602,5.84572,14.4611,19.172,0.162,,,12.674,0.022,12.044,0.022,11.869,0.027,15.813,0.003047,17.4964,0.01359,14.5519,0.007049,11.723,0.023,11.523,0.023,11.13,0.139,9.128,,Theia509,269.1534803926914,Kounkel2020,3209.0,0.488839,0.486917
142523913,2.949008971611227e+18,103.279409501694,-14.0770498079393,7.0761,11.3326,12.554,0.322,12.096,0.046,10.509,0.026,10.015,0.024,9.884,0.021,11.9552,0.000248,12.508,0.001392,11.2791,0.000781,9.828,0.022,9.905,0.02,9.88,0.048,8.527,,Theia509,269.1534803926914,Kounkel2020,4775.0,0.790688,0.769
35642736,2.94723267621592e+18,102.431593566941,-15.748128809504,4.856,13.7061,16.821,0.0,15.265,0.172,12.495,0.024,11.843,0.026,11.644,0.026,14.6613,0.000726,15.5904,0.004298,13.7141,0.002678,11.556,0.024,11.549,0.021,11.167,0.127,8.871,,Theia509,269.1534803926914,Kounkel2020,3886.0,0.595403,0.584322
35645090,2.949052505401472e+18,102.411452523528,-14.5967669452724,6.26137,13.7052,14.637,0.059,15.317,0.195,12.388,0.047,11.772,0.054,11.562,0.053,14.6145,0.000655,15.584,0.003651,13.6429,0.001577,11.479,0.036,11.41,0.036,11.769,0.259,8.545,,Theia509,269.1534803926914,Kounkel2020,3945.0,0.488289,0.614
123948059,3.0490288986903404e+18,103.641446523667,-11.3915189602662,6.73769,8.19806,8.834,0.032,8.482,0.002,7.794,0.027,7.648,0.024,7.612,0.04,8.44241,0.002317,8.63015,0.007998,8.16204,0.005366,7.602,0.032,7.64,0.019,7.604,0.02,7.439,0.133,Theia509,269.1534803926914,Kounkel2020,7073.0,1.75858,1.566
747781703,2.9486625910905e+18,105.071960136084,-14.1275997790977,5.02035,15.5453,,,,,,,,,,,16.8311,0.001503,18.709,0.032347,15.4831,0.007986,,,,,,,,,Theia509,269.1534803926914,Kounkel2020,,,
142669874,2.949699293116454e+18,103.528011474761,-12.8176302697771,6.62121,15.1829,19.124,0.169,17.6616,0.0473,13.571,0.027,13.027,0.025,12.755,0.026,16.4308,0.001209,17.8754,0.012096,15.2485,0.00339,12.654,0.025,12.459,0.026,11.998,,8.977,,Theia509,269.1534803926914,Kounkel2020,3365.0,0.326392,0.306926
147768743,2.935770439300252e+18,105.407590467696,-15.9877422694906,7.713,10.6564,12.394,0.208,11.444,0.017,9.996,0.026,9.589,0.027,9.487,0.021,11.1709,0.000662,11.6038,0.001002,10.611,0.000755,9.418,0.023,9.466,0.02,9.382,0.033,8.423,0.342,Theia509,269.1534803926914,Kounkel2020,5303.0,0.794921,0.912
147767664,2.9481749576826184e+18,105.375419001715,-15.5526717379222,5.93398,15.216,19.772,0.162,17.8449,0.0505,13.307,0.026,12.608,0.022,12.277,0.03,16.5293,0.002546,18.0065,0.020873,15.2887,0.007542,11.982,0.024,11.624,0.022,10.063,0.069,8.173,0.221,Theia509,269.1534803926914,Kounkel2020,3319.0,0.421562,0.415593
35237710,2.9525779176363213e+18,101.775864867279,-12.6404362368866,1.02976,13.9657,15.298,0.063,14.585,0.057,13.295,0.03,12.964,0.026,12.898,0.03,14.4303,0.000949,14.7907,0.003052,13.9018,0.002557,12.772,0.024,12.758,0.026,12.514,,8.837,,Theia555,125.8925411794166,Kounkel2020,6171.0,1.10282,1.18
340797396,2.9525479860032727e+18,101.447140874899,-12.8696583146013,1.18626,16.2733,18.635,0.119,17.4822,0.0464,15.222,0.056,14.497,0.056,14.361,0.078,17.0461,0.001532,17.7603,0.012261,16.2255,0.005183,14.226,0.029,14.297,0.047,12.489,,9.22,,Theia555,125.8925411794166,Kounkel2020,4666.0,0.601847,0.743
369516687,2.9525726949563587e+18,101.491466746651,-12.7710055767936,1.07346,14.381,15.828,0.061,15.087,0.023,13.607,0.027,13.226,0.032,13.136,0.037,14.9141,0.000626,15.341,0.003477,14.3171,0.002015,,,,,,,,,Theia555,125.8925411794166,Kounkel2020,5953.0,0.976483,1.09
95402998,2.949372154047234e+18,103.687374162343,-13.970213092177,1.59228,14.1983,15.708,-0.031,14.892,0.103,13.361,0.026,12.963,0.03,12.85,0.035,14.7816,0.000479,15.2792,0.001972,14.1469,0.00119,12.823,0.024,12.912,0.027,12.391,,8.339,,Theia555,125.8925411794166,Kounkel2020,5192.0,0.830702,0.88
369517434,2.952647942783101e+18,101.462031728439,-12.3742812809509,1.02548,13.4564,14.874,0.05,14.188,0.092,12.766,0.028,12.431,0.031,12.341,0.029,13.9564,0.000338,14.3548,0.002268,13.3937,0.001654,12.259,0.023,12.273,0.021,12.297,0.398,9.025,,Theia555,125.8925411794166,Kounkel2020,6363.0,1.46163,1.27
35715863,2.9527458680379546e+18,102.455489385095,-12.7729938090249,1.39564,13.8783,15.331,0.144,14.47,0.057,13.13,0.028,12.816,0.026,12.712,0.03,14.3735,0.001178,14.7677,0.00414,13.8187,0.003502,12.68,0.024,12.716,0.026,12.025,,9.053,,Theia555,125.8925411794166,Kounkel2020,5716.0,0.917564,1.02
120457373,2.95301298064346e+18,102.065826653259,-11.9875155732332,1.34063,15.1854,17.723,0.0,16.019,0.057,14.227,0.026,13.749,0.023,13.628,0.04,15.8534,0.000717,16.4455,0.006792,15.1344,0.002967,13.584,0.026,13.681,0.032,12.467,,8.887,,Theia555,125.8925411794166,Kounkel2020,4913.0,0.729778,0.81
35233324,2.952349322297167e+18,101.685930898774,-13.1493363176985,1.36955,10.7909,11.284,0.155,10.936,0.011,10.502,0.024,10.459,0.023,10.404,0.023,10.9148,0.000426,11.0231,0.001803,10.736,0.00111,10.384,0.022,10.386,0.02,10.298,0.071,8.842,,Theia555,125.8925411794166,Kounkel2020,8875.0,2.21161,2.23
35231901,2.9521718843088026e+18,101.664229837566,-13.7825445716317,1.62431,15.6958,18.413,0.05,17.0968,0.0461,14.514,0.035,13.805,0.04,13.622,0.05,16.5403,0.000853,17.3852,0.007305,15.641,0.002709,13.646,0.033,13.733,0.042,11.696,,8.725,,Theia555,125.8925411794166,Kounkel2020,4135.0,0.694814,0.65
35234855,2.952598533479335e+18,101.581410029783,-12.4782480456894,1.43712,11.4927,11.798,0.235,11.45,0.017,11.251,0.031,11.054,0.029,11.016,0.026,11.6829,0.000268,11.8217,0.001455,11.4393,0.001398,10.891,0.022,10.908,0.02,11.124,0.148,9.079,,Theia555,125.8925411794166,Kounkel2020,7781.0,1.65359,1.84
35712775,2.952796823528648e+18,102.424610159645,-12.4341090305847,1.35644,14.2268,15.788,0.053,14.869,0.046,13.479,0.027,13.135,0.03,13.083,0.03,14.7333,0.000454,15.1383,0.003539,14.1672,0.00171,13.021,0.025,13.047,0.03,12.335,,9.174,,Theia555,125.8925411794166,Kounkel2020,5807.0,0.811163,1.04
35577422,2.9529568711914035e+18,102.101527555302,-12.4879807812293,1.05432,12.9271,13.848,0.074,13.337,0.092,12.363,0.028,12.207,0.024,12.139,0.03,13.2555,0.000366,13.5059,0.001488,12.8506,0.001077,12.065,0.023,12.012,0.022,12.441,0.511,9.112,0.523,Theia555,125.8925411794166,Kounkel2020,7736.0,1.40928,1.82
35710219,2.949285189549697e+18,102.40974121303,-13.489788448854,1.27938,14.5685,16.358,0.027,15.109,0.149,13.788,0.031,13.372,0.029,13.316,0.039,15.1323,0.000751,15.6031,0.004212,14.5148,0.003183,13.277,0.025,13.337,0.03,12.401,,9.207,,Theia555,125.8925411794166,Kounkel2020,5420.0,0.824962,0.94
147120369,3.04591927364949e+18,104.359703732843,-12.0904768575877,8.73465,15.4731,,,,,13.696,0.027,13.095,0.029,12.788,0.027,16.8788,0.001366,18.7014,0.022019,15.5773,0.003027,12.674,0.023,12.493,0.025,12.065,0.435,8.598,0.354,Theia676,467.7351412871981,Kounkel2020,3125.0,0.256429,0.227851
142670408,2.949812886410797e+18,103.50468244173,-12.5662617248305,1.94679,11.1853,12.099,0.284,11.648,0.02,10.648,0.021,10.451,0.021,10.362,0.019,11.52,0.000313,11.7675,0.0017,11.129,0.000786,10.357,0.023,10.373,0.02,10.26,0.061,8.422,,Theia727,162.1810097358933,Kounkel2020,6687.0,1.74273,1.42
95335629,2.9498170782987766e+18,103.751887387429,-12.5139434061093,2.37054,14.6679,17.143,0.0,15.529,0.114,13.583,0.026,12.971,0.026,12.831,0.027,15.4186,0.000605,16.1342,0.002937,14.6096,0.002294,12.782,0.024,12.818,0.028,11.961,,9.124,,Theia727,162.1810097358933,Kounkel2020,4367.0,0.635329,0.683
120663004,2.9530192641756626e+18,102.356209529766,-11.8614758839823,2.26353,10.3397,11.12,0.137,10.79,0.01,9.89,0.026,9.716,0.024,9.649,0.019,10.6171,0.000371,10.8256,0.000969,10.2943,0.000801,9.618,0.024,9.622,0.019,9.577,0.044,8.655,,Theia727,162.1810097358933,Kounkel2020,6977.0,2.03264,1.531
146868369,2.949840442920823e+18,103.863315862024,-12.4544294494975,4.27389,16.039,20.025,0.17,18.5332,0.0504,14.462,0.033,13.868,0.027,13.57,0.045,17.2877,0.001299,18.7483,0.02215,16.1054,0.005022,13.485,0.025,13.378,0.031,12.658,,8.948,,Theia727,162.1810097358933,Kounkel2020,3357.0,0.342575,0.325626
148349091,2.948430761636903e+18,106.380075171645,-14.1383243197786,3.99736,15.7137,19.719,0.171,17.959,0.047,14.222,0.034,13.618,0.022,13.352,0.037,16.8979,0.000679,18.1988,0.012138,15.764,0.00216,13.252,0.025,13.096,0.029,12.441,,9.075,,Theia727,162.1810097358933,Kounkel2020,3468.0,0.39026,0.380444
142529799,2.9528211158645545e+18,103.339896510299,-12.4080991645514,3.52424,13.8156,,,15.385,0.16,12.427,0.03,11.744,0.03,11.56,0.027,14.7385,0.000582,15.7269,0.005432,13.7389,0.003577,,,,,,,,,Theia727,162.1810097358933,Kounkel2020,3903.0,0.831401,0.605
147255522,2.949535117989667e+18,104.537207772301,-13.107147083477,3.1389,16.5297,20.039,0.165,,,14.305,,13.728,,13.682,0.056,17.7606,0.002013,19.4892,0.048524,16.4728,0.005744,13.328,0.025,13.187,0.029,12.437,,8.683,,Theia727,162.1810097358933,Kounkel2020,3230.0,,
124806029,3.0459612956090363e+18,104.887222834181,-11.6816281764421,3.33964,16.3239,20.216,0.175,18.6115,0.0739,14.754,0.05,14.205,0.064,14.022,0.071,17.5509,0.001404,18.808,0.067926,16.3738,0.005262,13.725,0.029,13.609,0.039,12.43,,8.906,,Theia727,162.1810097358933,Kounkel2020,3469.0,0.353049,0.33773
123665439,3.0492376298003395e+18,103.141325705405,-11.1624860848313,3.25705,16.4893,,,,,14.642,0.032,14.04,0.042,13.739,0.049,17.9082,0.002408,19.6788,0.05999,16.5902,0.006563,13.643,0.025,13.415,0.033,12.27,,9.122,,Theia727,162.1810097358933,Kounkel2020,3141.0,0.39911,0.390476
35575877,2.952311801463324e+18,102.118074681443,-13.1152846176258,0.919964,12.3955,13.66,0.057,12.942,0.103,11.676,0.027,11.463,0.024,11.37,0.024,12.8502,0.000333,13.2048,0.00113,12.3327,0.001679,11.305,0.023,11.32,0.02,11.142,0.184,8.999,,Theia1080,275.4228703338164,Kounkel2020,6423.0,2.47887,1.29
35577290,2.9527685798238874e+18,102.08178036954,-12.5452358952566,0.639684,15.9538,17.493,0.049,16.619,1.133,14.917,0.034,14.586,0.052,14.365,0.072,16.636,0.001138,17.2201,0.014502,15.8979,0.004347,14.347,0.031,14.303,0.049,12.629,,8.484,,Theia1080,275.4228703338164,Kounkel2020,5501.0,1.02038,0.96
35414709,2.952388939075192e+18,101.960128773962,-12.7581145271479,1.13618,15.906,17.753,0.058,17.0718,0.0464,14.83,0.045,14.21,0.037,14.001,0.056,16.658,0.002276,17.3561,0.011215,15.8633,0.006039,14.094,0.028,14.18,0.041,12.294,,8.843,,Theia1080,275.4228703338164,Kounkel2020,4673.0,0.722497,0.74
35237098,2.9529761813641784e+18,101.700546608958,-12.376285485644,1.10133,13.2603,14.339,0.071,13.769,0.114,12.717,0.028,12.396,0.029,12.379,0.028,13.6465,0.000362,13.9403,0.002618,13.1962,0.00161,12.256,0.023,12.255,0.023,11.786,0.248,8.956,,Theia1080,275.4228703338164,Kounkel2020,6848.0,1.25805,1.48
35412855,2.953013285581196e+18,102.030605036606,-11.9761807789079,1.21438,12.031,11.7,0.262,12.245,0.092,11.661,0.024,11.621,0.026,11.536,0.023,12.1896,0.000269,12.3148,0.002198,11.965,0.001672,11.521,0.023,11.555,0.022,11.493,0.175,8.907,,Theia1080,275.4228703338164,Kounkel2020,8667.0,1.478,2.17
35711643,2.95269611513706e+18,102.348881174475,-12.9170927125312,1.10868,15.051,16.188,0.048,15.953,0.115,14.225,0.032,13.801,0.03,13.721,0.044,15.6228,0.000885,16.1024,0.003567,14.9947,0.002333,13.698,0.026,13.754,0.036,12.046,,8.624,0.379,Theia1080,275.4228703338164,Kounkel2020,5256.0,0.782892,0.9
35718681,2.949238322867572e+18,102.466095930189,-13.8687441084398,1.40619,14.1259,15.647,0.039,14.856,0.035,13.402,0.027,13.023,0.024,12.862,0.027,14.6413,0.000415,15.058,0.002763,14.0671,0.001291,12.855,0.025,12.868,0.026,11.836,,9.201,,Theia1080,275.4228703338164,Kounkel2020,5520.0,0.851567,0.97
35412638,2.9530609468382884e+18,101.896194982315,-11.9523287860693,1.16807,11.9545,12.172,0.411,12.018,0.035,11.607,0.027,11.55,0.027,11.496,0.021,12.0813,0.00021,12.1935,0.001025,11.8762,0.001333,11.476,0.023,11.494,0.021,11.657,0.221,8.924,,Theia1080,275.4228703338164,Kounkel2020,9819.0,1.50701,2.51
35720939,2.948857685682817e+18,102.552905572032,-14.8055211307819,1.03233,15.591,17.707,0.048,16.594,0.435,14.463,0.032,13.876,0.032,13.632,0.042,16.3363,0.001844,17.0015,0.017843,15.5396,0.004679,13.654,0.027,13.711,0.037,12.328,,8.956,,Theia1080,275.4228703338164,Kounkel2020,4969.0,0.87084,0.82
35577441,2.952775073814373e+18,102.158266552624,-12.4805158841608,1.07577,15.4872,17.47,0.05,16.32,0.206,14.448,0.035,13.854,0.04,13.7,0.049,16.1908,0.002722,16.811,0.009704,15.4366,0.009029,13.615,0.024,13.601,0.034,12.494,,8.768,,Theia1080,275.4228703338164,Kounkel2020,5090.0,0.812071,0.85
35709826,2.9492580797161667e+18,102.349079464972,-13.6501852530016,1.59219,15.4897,18.21,0.046,16.8153,0.0461,14.335,0.03,13.689,0.039,13.492,0.045,16.3,0.00086,17.1042,0.007255,15.4288,0.002953,13.488,0.03,13.622,0.039,12.55,,8.828,,Theia1080,275.4228703338164,Kounkel2020,4140.0,0.740513,0.65
120663098,2.953017241250863e+18,102.317587558385,-11.9333960927814,1.13631,13.9213,15.369,0.099,14.478,0.149,13.305,0.029,12.939,0.03,12.868,0.031,14.3909,0.00093,14.759,0.003502,13.8612,0.002427,12.825,0.024,12.845,0.027,12.68,,8.915,,Theia1080,275.4228703338164,Kounkel2020,6001.0,1.03847,1.11
142533553,2.949007970879918e+18,103.427555158315,-14.0250089439995,1.80902,12.9332,14.213,0.04,13.434,0.103,12.305,0.024,12.02,0.024,11.925,0.027,13.3755,0.000757,13.7189,0.003045,12.8739,0.00202,11.895,0.023,11.89,0.021,12.302,0.441,8.935,,Theia1080,275.4228703338164,Kounkel2020,6212.0,0.98664,1.196
142534270,2.948980246870674e+18,103.363614677819,-14.3413403051116,0.797416,14.9417,16.967,0.111,15.774,0.149,13.962,0.026,13.584,0.037,13.519,0.051,15.5895,0.001177,16.1469,0.00608,14.8849,0.003807,13.214,0.023,13.235,0.03,12.372,0.508,8.739,,Theia1080,275.4228703338164,Kounkel2020,5138.0,1.28437,0.87
95336518,2.949787975601348e+18,103.768500180594,-12.8837636870462,1.79847,16.3895,19.617,0.163,18.3648,0.0475,15.008,0.033,14.348,0.047,14.069,0.062,17.4893,0.001477,18.6274,0.014162,16.4215,0.007171,14.11,0.029,14.087,0.046,12.707,,9.013,,Theia1080,275.4228703338164,Kounkel2020,3611.0,0.547379,0.542892
35412516,2.9530366502032896e+18,101.839233796113,-12.0223512703089,1.19566,12.1799,12.471,0.514,12.382,0.046,11.843,0.028,11.75,0.026,11.673,0.019,12.364,0.000193,12.5018,0.000871,12.1196,0.001096,11.651,0.024,11.655,0.022,11.511,0.208,8.994,,Theia1080,275.4228703338164,Kounkel2020,8120.0,1.44287,1.98
142533077,2.949576491413161e+18,103.365680307463,-13.8282287782951,1.06265,14.3147,15.409,0.08,14.845,0.08,13.553,0.051,13.239,0.069,13.053,0.054,14.8164,0.001074,15.2107,0.005819,14.2491,0.004019,12.766,0.023,12.803,0.026,12.433,0.429,8.527,,Theia1080,275.4228703338164,Kounkel2020,5805.0,0.982504,1.04
142675714,2.9495858029019745e+18,103.616130654535,-13.6351305120236,1.07914,16.2809,18.766,0.113,17.4793,0.0465,15.165,0.047,14.478,0.05,14.385,0.094,17.044,0.001757,17.7556,0.012267,16.2224,0.006064,14.257,0.027,14.384,0.045,12.483,,9.048,,Theia1080,275.4228703338164,Kounkel2020,4487.0,0.663729,0.7
146870995,2.949420085881956e+18,103.876720215697,-13.5683684894498,1.05672,15.3727,17.0,0.135,16.157,0.103,14.556,0.037,14.107,0.044,13.881,0.051,15.9741,0.000687,16.4909,0.004543,15.3243,0.002507,13.903,0.029,14.067,0.046,12.366,,8.314,,Theia1080,275.4228703338164,Kounkel2020,5254.0,0.738639,0.9
35238750,2.952373713411451e+18,101.755427028728,-13.067985744997,0.801917,16.2908,18.627,0.064,17.3788,0.0461,15.265,0.052,14.697,0.057,14.477,0.089,17.0079,0.001039,17.6595,0.007483,16.2509,0.003997,14.551,0.031,14.65,0.061,12.593,,8.467,,Theia1080,275.4228703338164,Kounkel2020,4914.0,0.783702,0.81
142409574,2.949677131085472e+18,103.116566656839,-13.049547834741,1.16094,14.57,16.071,0.069,15.07,0.057,13.834,0.027,13.438,0.032,13.378,0.035,15.0825,0.00069,15.4939,0.003433,14.5103,0.001584,13.365,0.026,13.27,0.03,12.05,0.277,9.068,,Theia1080,275.4228703338164,Kounkel2020,5696.0,0.821595,1.01
142527400,2.952724049603101e+18,103.22842351543,-12.5415969504119,0.811047,15.914,17.156,0.123,16.551,1.133,14.796,0.055,14.378,0.049,14.004,0.076,16.6458,0.000917,17.2894,0.007989,15.8676,0.004121,,,,,,,,,Theia1080,275.4228703338164,Kounkel2020,5422.0,0.890226,0.94
142534332,2.948979216078519e+18,103.411721348436,-14.3693843084394,0.80339,13.0003,14.115,0.058,13.454,0.092,12.381,0.023,12.157,0.025,12.079,0.029,13.4002,0.00029,13.709,0.001134,12.926,0.001011,11.986,0.023,11.982,0.023,11.984,0.288,8.922,,Theia1080,275.4228703338164,Kounkel2020,7288.0,1.9595,1.65
95335893,2.949801925654195e+18,103.768081508938,-12.6271842430231,1.29684,16.1785,17.572,0.053,16.546,1.133,14.535,0.039,13.958,0.034,13.928,0.058,16.8554,0.002393,17.0904,0.03777,15.7329,0.038273,13.668,0.026,13.819,0.038,12.433,,8.422,,Theia1080,275.4228703338164,Kounkel2020,,,
142675760,2.949399332599653e+18,103.650915561038,-13.6482198878349,0.973352,15.9328,19.613,0.184,16.8633,0.046,15.032,0.044,14.521,0.065,14.153,0.073,16.5695,0.001203,17.115,0.008027,15.8719,0.0029,,,,,,,,,Theia1080,275.4228703338164,Kounkel2020,5045.0,0.66791,0.84
142409731,2.949675683675001e+18,103.10371668145,-13.1162852737968,0.52851,16.1086,17.451,0.121,16.9958,0.046,15.12,0.049,14.761,0.061,14.623,0.095,16.7248,0.001003,17.242,0.006073,16.052,0.003092,14.583,0.032,14.689,0.061,11.89,,8.767,,Theia1080,275.4228703338164,Kounkel2020,5613.0,1.02132,0.99
95403305,2.949366102436501e+18,103.72711386096,-14.0810309551371,0.817196,13.203,12.037,0.069,13.7201,0.0459,12.478,0.059,12.209,0.09,12.122,0.047,13.5975,0.000382,13.8844,0.001809,13.1252,0.002517,,,,,,,,,Theia1080,275.4228703338164,Kounkel2020,6786.0,1.74662,1.46
35580551,2.95275102199758e+18,102.276974816935,-12.6935043985328,1.05804,12.6581,13.546,0.043,13.059,0.103,12.167,0.028,12.04,0.024,11.932,0.023,12.9561,0.00034,13.1805,0.001751,12.5893,0.001502,11.91,0.023,11.908,0.022,11.854,0.248,8.913,,Theia1080,275.4228703338164,Kounkel2020,7618.0,1.52026,1.78
35709757,2.949255021699457e+18,102.359975562591,-13.678914587889,1.05655,14.4261,12.166,0.05,15.0659,0.0459,13.709,0.035,13.385,0.041,13.272,0.033,14.8999,0.000672,15.2567,0.003527,14.3505,0.002758,,,,,,,,,Theia1080,275.4228703338164,Kounkel2020,5859.0,0.898582,1.06
35709827,2.9492580453564283e+18,102.347120502354,-13.6497672954307,1.68695,15.4278,17.978,0.048,16.522,1.133,14.304,0.032,13.631,0.067,13.493,0.063,16.226,0.000791,17.0121,0.005307,15.3677,0.002996,13.463,0.029,13.545,0.037,12.561,,8.855,,Theia1080,275.4228703338164,Kounkel2020,4186.0,0.698627,0.65
748094833,2.952292834887761e+18,102.358643833751,-13.3301080073585,0.753453,14.2577,,,14.8185,0.0466,,,,,,,14.6822,0.001789,14.861,0.016589,14.0526,0.021742,,,,,,,,,Theia1080,275.4228703338164,Kounkel2020,,,
61498354,2.952689346268158e+18,102.749662171445,-12.8640074945844,1.15726,12.7694,13.734,0.04,13.172,0.126,12.275,0.023,12.097,0.023,12.037,0.023,13.0971,0.000481,13.3336,0.002048,12.7072,0.001204,12.002,0.023,12.034,0.021,12.274,0.341,8.755,,Theia1080,275.4228703338164,Kounkel2020,6770.0,1.38202,1.45
142526182,2.949686854891383e+18,103.304824524737,-13.1163620339797,0.798369,14.4224,15.629,0.049,14.956,0.058,13.819,0.026,13.494,0.03,13.526,0.045,14.8386,0.000422,15.1587,0.002896,14.3512,0.001254,13.336,0.025,13.351,0.029,12.135,,8.931,,Theia1080,275.4228703338164,Kounkel2020,7007.0,1.04942,1.54
146917815,2.949623800473089e+18,103.949647601423,-13.2314470065977,1.14104,12.5259,13.587,0.083,12.961,0.103,11.974,0.027,11.738,0.026,11.653,0.026,12.9024,0.00044,13.1874,0.001724,12.4651,0.000622,11.639,0.023,11.667,0.023,11.516,0.196,8.75,,Theia1080,275.4228703338164,Kounkel2020,6732.0,1.68223,1.43
35235535,2.9530309507870464e+18,101.598503486788,-12.1738041250788,1.17556,13.0034,14.1,0.077,13.547,0.114,12.402,0.028,12.154,0.029,12.103,0.026,13.3947,0.000344,13.6772,0.001962,12.9303,0.002,11.968,0.023,11.954,0.023,12.028,0.344,9.057,,Theia1080,275.4228703338164,Kounkel2020,6470.0,1.34537,1.32
35409470,2.95228472168886e+18,101.870179297699,-13.3280025616016,1.07773,13.0855,,,13.537,0.092,12.485,0.032,12.249,0.042,12.222,0.038,13.4564,0.000335,13.7308,0.00167,13.0196,0.001933,12.142,0.046,12.154,0.044,12.195,,8.492,,Theia1080,275.4228703338164,Kounkel2020,6725.0,1.36329,1.43
35414685,2.952389042154399e+18,101.960090859226,-12.7469213426991,0.390422,14.5813,16.519,0.326,15.33,0.126,13.692,0.028,13.366,0.027,13.281,0.037,15.1466,0.000558,15.6056,0.002316,14.5177,0.001813,13.188,0.026,13.221,0.03,12.111,,9.067,,Theia1080,275.4228703338164,Kounkel2020,6016.0,2.44966,1.11
61496224,2.9492687655952886e+18,102.794879332397,-13.6756679926771,0.808992,13.7241,14.842,0.032,14.154,0.126,13.086,0.029,12.843,0.033,12.828,0.034,14.1191,0.00027,14.4093,0.002837,13.6548,0.002426,12.663,0.024,12.712,0.025,12.752,0.525,8.948,,Theia1080,275.4228703338164,Kounkel2020,6484.0,1.39629,1.32
142403371,2.9492241666546294e+18,102.978556795464,-13.6032718953236,1.11413,15.1754,16.387,0.114,16.009,0.08,14.429,0.033,13.889,0.037,13.676,0.054,15.7504,0.001058,16.2169,0.012374,15.1047,0.006209,13.797,0.027,13.847,0.037,12.64,,8.749,,Theia1080,275.4228703338164,Kounkel2020,5345.0,0.732349,0.92
142533286,2.949012819901858e+18,103.372172333377,-13.9117944450971,1.1547,12.1769,12.532,0.472,12.096,0.033,11.885,0.023,11.853,0.026,11.775,0.025,12.3173,0.000309,12.4209,0.002152,12.1185,0.001164,11.769,0.023,11.795,0.022,12.384,0.449,8.917,,Theia1080,275.4228703338164,Kounkel2020,8312.0,1.4117,2.05
369517648,2.9526533029030564e+18,101.483545050176,-12.2688503600848,1.72564,13.4457,15.007,0.05,14.31,0.126,12.702,0.026,12.312,0.026,12.194,0.026,13.9777,0.000515,14.4108,0.002115,13.3883,0.001556,12.141,0.023,12.154,0.023,12.009,0.303,8.959,,Theia1080,275.4228703338164,Kounkel2020,5651.0,0.964078,1.003
35238510,2.952375332618977e+18,101.805109668507,-12.9747646969496,1.3402,16.15,18.193,0.069,17.3809,0.0462,15.033,0.058,14.375,0.066,14.154,0.085,16.9281,0.001098,17.6613,0.008769,16.0959,0.004035,13.932,0.028,14.004,0.041,11.953,,8.779,,Theia1080,275.4228703338164,Kounkel2020,4470.0,0.581216,0.7
35414179,2.9529564588745564e+18,102.016339357793,-12.5312271306301,0.858936,8.3577,11.905,0.234,10.124,0.055,6.864,0.027,6.049,0.042,5.749,0.02,9.31514,0.000455,10.336,0.001667,8.34798,0.00183,5.693,0.163,5.702,0.053,5.653,0.015,5.561,0.04,Theia1080,275.4228703338164,Kounkel2020,4042.0,45.4703,
142530673,2.949713311889764e+18,103.33547707203,-12.799294483986,1.05143,16.0202,18.325,0.113,17.2087,0.0465,14.972,0.041,14.366,0.062,14.229,0.076,16.7863,0.001917,17.4998,0.013093,15.9906,0.006224,14.206,0.029,14.365,0.052,12.555,,8.823,,Theia1080,275.4228703338164,Kounkel2020,4851.0,0.738752,0.79
142532207,2.9496038761244165e+18,103.324314788916,-13.489315302079,0.919683,16.0194,17.331,0.121,16.9676,0.0461,15.117,0.05,14.768,0.069,14.406,0.092,16.6655,0.001127,17.232,0.008005,15.9701,0.006991,14.596,0.035,14.751,0.073,12.055,,8.334,,Theia1080,275.4228703338164,Kounkel2020,5044.0,0.689618,0.84
142667743,2.949578724796035e+18,103.464128561575,-13.7353572712731,1.20048,15.7197,18.389,0.11,16.7963,0.0461,14.645,0.042,14.042,0.068,13.825,0.059,16.428,0.001029,17.0609,0.009421,15.6576,0.004017,13.658,0.025,13.651,0.033,11.934,,8.836,,Theia1080,275.4228703338164,Kounkel2020,4711.0,0.694761,0.75
146872197,2.949320885017538e+18,103.907040945475,-14.042929462158,0.547286,15.7814,17.005,0.115,16.423,1.133,14.943,0.034,14.503,0.049,14.343,0.092,16.358,0.000873,16.8175,0.006599,15.7075,0.002621,,,,,,,,,Theia1080,275.4228703338164,Kounkel2020,5896.0,1.05852,1.07
146873843,2.948158052690504e+18,103.912592114835,-14.7534897245295,1.04024,12.895,13.732,0.046,13.327,0.092,12.381,0.023,12.227,0.022,12.214,0.024,13.2015,0.000283,13.4262,0.000899,12.8259,0.001218,12.084,0.022,12.102,0.022,12.368,0.394,8.996,,Theia1080,275.4228703338164,Kounkel2020,7377.0,1.40009,1.68
146985661,2.949401291105096e+18,104.092156460658,-13.7776430814422,0.803372,15.0752,16.852,0.037,15.978,0.058,14.171,0.03,13.705,0.036,13.622,0.042,15.6761,0.000692,16.1729,0.008334,15.0095,0.001796,13.588,0.025,13.76,0.034,12.056,,9.119,,Theia1080,275.4228703338164,Kounkel2020,5343.0,1.09491,0.92
35580154,2.952773836863778e+18,102.253088006868,-12.5234070360937,1.12415,15.2563,17.247,0.044,16.182,0.172,14.358,0.026,13.895,0.035,13.84,0.047,15.8779,0.000833,16.4148,0.003615,15.2044,0.002779,13.757,0.027,13.756,0.04,12.089,,8.186,,Theia1080,275.4228703338164,Kounkel2020,5125.0,0.764766,0.86
35710623,2.952292834887761e+18,102.358643833751,-13.3301080073585,0.753453,14.2577,14.937,0.046,14.311,0.252,13.419,0.048,13.202,0.055,13.019,0.057,14.6822,0.001789,14.861,0.016589,14.0526,0.021742,12.657,0.023,12.664,0.026,12.244,0.385,8.472,,Theia1080,275.4228703338164,Kounkel2020,,,
35717810,2.949280958999706e+18,102.535079170702,-13.5333427571204,1.22541,11.6133,11.918,0.274,11.777,0.024,11.283,0.027,11.178,0.024,11.186,0.03,11.7984,0.000239,11.9381,0.001404,11.5542,0.00101,11.136,0.025,11.163,0.024,11.202,0.15,8.785,,Theia1080,275.4228703338164,Kounkel2020,8110.0,1.83105,1.97
61398816,2.9491873330158177e+18,102.634536029901,-13.9799356210794,,17.0892,18.814,0.068,18.424,0.0605,15.529,0.057,15.0,0.081,14.722,0.1,17.8993,0.002655,18.4703,0.060217,16.7789,0.028009,14.545,0.028,14.659,0.05,12.628,,9.169,,Theia1080,275.4228703338164,Kounkel2020,,,
147636296,2.9357747299643674e+18,105.283099008992,-15.9276901360503,1.2788,16.815,19.861,0.191,18.3191,0.0471,15.651,0.057,15.102,0.068,15.005,0.14,17.7341,0.00094,18.6046,0.016218,16.8143,0.005232,14.725,0.033,14.923,0.07,12.473,,9.275,,Theia1080,275.4228703338164,Kounkel2020,3977.0,0.514126,0.511841
35234763,2.9525953036639585e+18,101.585119397866,-12.5189745177226,1.01486,16.2766,18.889,0.055,17.5364,0.0464,15.142,0.042,14.569,0.05,14.491,0.095,17.0718,0.001138,17.8192,0.010726,16.2324,0.007204,14.382,0.032,14.504,0.057,11.901,,8.563,,Theia1080,275.4228703338164,Kounkel2020,4580.0,0.733042,0.72
147041831,2.949355420854947e+18,104.213162616266,-13.7942955762761,1.06868,9.696,11.681,0.154,10.521,0.016,8.784,0.021,8.385,0.078,8.191,0.026,10.3142,0.000554,10.8565,0.001589,9.65617,0.001284,8.127,0.022,8.2,0.02,8.096,0.02,7.804,0.162,Theia1080,275.4228703338164,Kounkel2020,5242.0,10.2461,
142665939,2.9489270579957043e+18,103.551366904255,-14.5310079081782,0.391229,13.9086,16.759,0.183,15.291,0.195,12.559,0.021,12.021,0.024,11.797,0.024,14.7717,0.000481,15.5827,0.003162,13.8847,0.00159,11.665,0.022,11.694,0.022,11.672,0.238,8.991,,Theia1080,275.4228703338164,Kounkel2020,4923.0,5.67537,
35409938,2.952357774792701e+18,101.933165375384,-13.1351424495098,1.1644,12.5146,13.567,0.018,12.966,0.08,11.922,0.024,11.702,0.026,11.66,0.021,12.8893,0.000282,13.1706,0.001245,12.452,0.001012,11.631,0.023,11.628,0.023,11.177,0.165,8.512,0.357,Theia1080,275.4228703338164,Kounkel2020,6722.0,1.65385,1.43
35411076,2.952578192514951e+18,101.887400582573,-12.6557578588848,1.07856,14.7463,16.48,0.107,15.501,0.046,13.966,0.027,13.539,0.033,13.387,0.038,15.2984,0.000831,15.7425,0.006005,14.6796,0.003449,13.462,0.026,13.535,0.033,12.668,,9.011,,Theia1080,275.4228703338164,Kounkel2020,5596.0,0.870777,0.99
35711574,2.952695874618942e+18,102.323901655353,-12.9451753207338,0.548524,15.6027,17.143,0.191,16.02,0.206,14.685,0.062,14.297,0.063,14.024,0.089,16.209,0.000778,16.7039,0.004991,15.5344,0.003291,13.687,0.028,13.726,0.037,12.391,,8.529,,Theia1080,275.4228703338164,Kounkel2020,5710.0,1.21079,1.02
120457428,2.953014080154998e+18,102.197744053649,-11.9478268441192,1.1936,14.1752,15.652,0.114,14.741,0.103,13.395,0.029,13.054,0.032,12.996,0.033,14.6754,0.00086,15.0687,0.003337,14.1098,0.003685,12.896,0.024,12.937,0.027,12.541,,8.658,,Theia1080,275.4228703338164,Kounkel2020,5752.0,0.937062,1.03
61351173,2.9526793819444086e+18,102.630030097867,-13.0716743739207,0.384979,15.1617,16.664,0.046,15.979,0.263,14.258,0.029,13.923,0.035,13.742,0.053,15.7458,0.00064,16.2202,0.005266,15.0951,0.002526,13.636,0.025,13.809,0.036,11.856,,8.655,,Theia1080,275.4228703338164,Kounkel2020,5862.0,1.97547,1.06
61398388,2.9492375325934546e+18,102.577597605017,-13.8057590057908,1.14645,13.4533,14.739,0.053,13.948,0.114,12.729,0.027,12.423,0.022,12.351,0.021,13.9101,0.00115,14.2611,0.007368,13.3886,0.002891,12.357,0.024,12.385,0.026,11.923,,8.92,,Theia1080,275.4228703338164,Kounkel2020,5938.0,1.25917,1.08
147364919,2.9478603255601336e+18,104.703924360905,-15.4755675200094,1.72782,15.0513,16.707,0.11,16.116,0.217,14.027,0.041,13.506,0.039,13.298,0.043,15.7557,0.000581,16.3838,0.002362,14.9848,0.001555,13.236,0.023,13.281,0.031,12.236,,9.033,,Theia1080,275.4228703338164,Kounkel2020,4667.0,0.660575,0.74
747957813,2.949518801411454e+18,104.708627280839,-13.2011845536854,0.430209,16.6178,,,17.5085,0.0463,,,,,,,17.236,0.001287,17.7547,0.011679,16.5612,0.009967,,,,,,,,,Theia1080,275.4228703338164,Kounkel2020,6142.0,0.958159,1.16
147580239,3.0456341909017047e+18,105.061441130933,-12.8347130185322,0.421338,15.5186,17.362,0.0,16.407,1.133,14.348,0.036,13.967,0.047,13.842,0.051,16.2463,0.000852,16.8792,0.021959,15.4682,0.003672,13.686,0.027,13.716,0.038,12.043,,9.036,,Theia1080,275.4228703338164,Kounkel2020,5661.0,1.93209,1.01
35300906,2.9490459426911457e+18,101.901237350058,-14.5882998030213,1.54359,16.1088,17.601,0.047,17.1559,0.0465,14.98,0.03,14.58,0.051,14.478,0.094,16.8014,0.002463,17.368,0.014608,15.9929,0.004507,14.323,0.03,14.4,0.053,12.7,,8.996,,Theia1080,275.4228703338164,Kounkel2020,4672.0,0.450675,0.74
35415727,2.952358118390052e+18,102.037668573844,-13.1499082815879,0.69056,13.7651,14.779,0.029,14.188,0.069,13.196,0.028,12.996,0.029,12.978,0.026,14.1264,0.000433,14.3996,0.002744,13.6989,0.001504,12.847,0.024,12.882,0.027,11.965,,8.751,,Theia1080,275.4228703338164,Kounkel2020,7089.0,1.50914,1.57
35577186,2.9527675490317404e+18,102.114099008565,-12.5820291751945,1.14446,16.2337,18.545,0.066,17.5349,0.0469,15.073,0.055,14.463,0.066,14.31,0.093,17.0415,0.002657,17.8259,0.014697,16.1882,0.008261,14.205,0.042,14.31,0.063,12.226,,8.502,,Theia1080,275.4228703338164,Kounkel2020,4369.0,0.691446,0.68
120663170,2.9530034286360166e+18,102.434761878667,-11.9896246790856,1.1544,14.7217,16.474,0.113,15.322,0.115,14.008,0.026,13.634,0.029,13.469,0.044,15.2626,0.001,15.7014,0.002549,14.6615,0.002714,13.49,0.025,13.499,0.036,12.671,,8.821,,Theia1080,275.4228703338164,Kounkel2020,5684.0,0.802857,1.01
35715617,2.952752739985432e+18,102.533277703254,-12.6850233952079,0.39016,16.1979,18.061,0.054,17.2139,0.0462,15.09,0.04,14.817,0.059,14.675,0.09,16.8829,0.001139,17.4579,0.010474,16.1325,0.00532,14.482,0.031,14.546,0.053,12.716,0.514,9.022,,Theia1080,275.4228703338164,Kounkel2020,5850.0,1.41591,1.06
61497990,2.9526857728555607e+18,102.733568567443,-12.9955467402984,1.12167,13.564,14.788,0.032,13.991,0.114,12.977,0.026,12.723,0.022,12.656,0.026,13.9694,0.000494,14.2772,0.001817,13.5017,0.002751,12.603,0.024,12.624,0.026,12.514,0.428,8.549,,Theia1080,275.4228703338164,Kounkel2020,6512.0,1.10865,1.34
61503974,2.949275946780295e+18,102.852913485258,-13.4610673507016,1.18825,14.8594,16.542,0.076,15.394,0.195,14.097,0.037,13.739,0.04,13.718,0.048,15.4051,0.000831,15.856,0.00438,14.8047,0.002828,13.631,0.032,13.656,0.04,12.114,,8.437,,Theia1080,275.4228703338164,Kounkel2020,5494.0,0.751004,0.96
142406687,2.952889899762196e+18,102.940746669141,-12.1270285620684,1.25872,11.9479,12.908,0.085,12.34,0.069,11.458,0.026,11.215,0.021,11.176,0.023,12.2967,0.000252,12.5553,0.001568,11.8879,0.001004,11.125,0.023,11.159,0.02,10.903,0.111,8.933,,Theia1080,275.4228703338164,Kounkel2020,6743.0,1.92064,1.439
142411143,2.949594186678412e+18,103.171162968067,-13.6685879600827,1.02603,15.1222,16.814,0.0,15.653,0.126,14.31,0.03,13.751,0.022,13.787,0.055,15.6957,0.001041,16.1749,0.006356,15.0669,0.003949,13.715,0.027,13.728,0.034,12.643,,8.764,,Theia1080,275.4228703338164,Kounkel2020,5402.0,0.806343,0.94
748015909,2.949801925654195e+18,103.768081508938,-12.6271842430231,1.29684,16.1785,,,17.2015,0.0526,,,,,,,16.8554,0.002393,17.0904,0.03777,15.7329,0.038273,,,,,,,,,Theia1080,275.4228703338164,Kounkel2020,,,
147490199,3.045856803345008e+18,105.00001811817,-12.2616116237214,,16.1906,17.157,0.128,17.205,0.0483,14.793,0.064,14.437,0.075,14.352,0.094,16.8635,0.001778,17.2755,0.021965,15.9276,0.022801,,,,,,,,,Theia1080,275.4228703338164,Kounkel2020,,,
147843682,3.0456167017944745e+18,105.528722297535,-12.68493218854,1.47638,14.2179,15.841,0.085,14.928,0.16,13.468,0.024,13.088,0.028,13.032,0.032,14.7539,0.00037,15.1949,0.001859,14.1615,0.001352,12.949,0.024,13.002,0.029,12.405,0.472,9.149,,Theia1080,275.4228703338164,Kounkel2020,5413.0,0.809586,0.94
142406324,2.952836852624832e+18,103.048104204812,-12.3047290177079,1.1628,14.5833,16.223,0.0,15.383,0.069,13.927,0.026,13.519,0.028,13.379,0.041,15.1064,0.001623,15.5256,0.005909,14.5191,0.005673,13.338,0.026,13.423,0.035,11.955,,8.678,,Theia1080,275.4228703338164,Kounkel2020,5486.0,0.84346,0.96
142411052,2.94959528619004e+18,103.122216221029,-13.6313158223271,0.881738,15.0977,16.749,0.0,15.746,0.103,14.321,0.024,14.004,0.037,13.983,0.066,15.6177,0.001037,16.0397,0.003018,15.0418,0.002108,13.933,0.026,14.03,0.041,12.481,,9.046,,Theia1080,275.4228703338164,Kounkel2020,5874.0,0.841097,1.06
142524666,2.949580992538886e+18,103.265502939499,-13.7502693320478,1.05571,13.784,14.838,0.109,14.226,0.092,13.172,0.023,12.877,0.028,12.869,0.034,14.198,0.000457,14.5149,0.002988,13.7242,0.002009,12.83,0.024,12.827,0.025,11.998,,9.107,,Theia1080,275.4228703338164,Kounkel2020,6387.0,1.07918,1.28
142533921,2.9489869126598456e+18,103.350510606142,-14.1792775243426,1.31598,14.2895,15.854,0.022,14.929,0.092,13.53,0.027,13.221,0.021,13.101,0.033,14.8121,0.000834,15.2386,0.003428,14.2343,0.001839,13.048,0.024,13.112,0.027,12.423,,9.16,,Theia1080,275.4228703338164,Kounkel2020,5601.0,0.846423,0.99
142672787,2.9528251703139973e+18,103.654671363152,-12.3205276910695,1.66448,15.9895,18.711,0.109,17.5213,0.0474,14.829,0.044,14.076,0.035,13.895,0.06,16.9162,0.001643,17.8139,0.017873,15.9918,0.004804,13.896,0.029,13.982,0.043,12.153,,9.057,,Theia1080,275.4228703338164,Kounkel2020,3942.0,0.606457,0.593325
120838023,2.9532039520689736e+18,102.682966841921,-11.2529403447594,1.70457,11.5309,12.081,0.366,11.913,0.031,11.003,0.024,10.832,0.023,10.747,0.021,11.8583,0.000234,12.0969,0.001734,11.4727,0.001006,10.681,0.023,10.702,0.02,10.488,0.071,8.659,,Theia1080,275.4228703338164,Kounkel2020,6697.0,1.67335,1.42
142532979,2.9495771055874903e+18,103.38409850663,-13.7877333280454,1.27678,16.6493,19.641,0.114,17.9912,0.0467,15.561,0.06,14.869,0.069,14.648,0.11,17.4699,0.001834,18.2818,0.013354,16.5962,0.005928,14.669,0.034,14.727,0.062,12.698,,8.878,,Theia1080,275.4228703338164,Kounkel2020,4208.0,0.541743,0.66
142533220,2.9492008363933373e+18,103.329558775341,-13.8831180524518,1.05705,12.0687,12.138,0.374,11.979,0.031,11.751,0.023,11.759,0.026,11.681,0.025,12.2033,0.000294,12.3049,0.001308,12.0078,0.000868,11.65,0.023,11.706,0.023,11.822,0.247,8.699,,Theia1080,275.4228703338164,Kounkel2020,8500.0,1.6085,2.11
142666356,2.948980998488822e+18,103.493722692523,-14.3388431577077,1.09072,15.6705,,,16.6149,0.0463,13.685,,14.156,0.062,14.03,0.071,16.3171,0.001194,16.8538,0.014176,15.6015,0.003974,,,,,,,,,Theia1080,275.4228703338164,Kounkel2020,5448.0,0.654257,0.95
147379935,3.045851133989272e+18,104.901987020034,-12.3737760662789,1.12563,12.1591,12.729,0.066,12.42,0.08,11.841,0.026,11.723,0.022,11.676,0.026,12.3642,0.000318,12.5132,0.001643,12.1,0.000852,11.632,0.023,11.643,0.021,11.753,0.237,8.845,,Theia1080,275.4228703338164,Kounkel2020,7815.0,1.5806,1.86
142676894,2.9489910358282977e+18,103.641952243375,-14.1189087216625,1.01467,12.0809,11.627,0.226,12.247,0.08,11.759,0.022,11.744,0.024,11.683,0.021,12.2103,0.000262,12.3108,0.001676,12.0214,0.000978,11.68,0.023,11.708,0.021,11.881,0.234,8.516,,Theia1080,275.4228703338164,Kounkel2020,8588.0,1.65128,2.14
147262827,2.94946664332878e+18,104.661417813427,-13.4378944715251,0.716995,14.8547,16.096,0.113,15.521,0.137,14.088,0.029,13.728,0.032,13.619,0.049,15.3727,0.000607,15.7864,0.008395,14.7813,0.002095,13.537,0.026,13.558,0.034,12.258,,8.985,,Theia1080,275.4228703338164,Kounkel2020,6818.0,1.10755,1.47
124946423,3.04590889700803e+18,105.11716085271,-11.861585876234,8.60562,15.092,19.348,0.166,,,13.474,0.027,12.9,0.022,12.624,0.021,16.3917,0.001376,17.9366,0.016212,15.1687,0.002907,12.509,0.023,12.312,0.024,12.632,,9.121,,Theia1273,851.1380382023759,Kounkel2020,3295.0,0.276676,0.250247
125267943,3.046063893787828e+18,105.426518027591,-11.3927350784919,0.985799,16.1057,18.643,0.103,17.4833,0.0494,14.552,0.039,13.965,0.028,13.696,0.053,16.941,0.002073,17.7293,0.030054,16.0084,0.004903,13.468,0.05,13.753,0.056,10.591,,8.512,,Theia1654,6.165950018614822,Kounkel2020,4167.0,0.924207,0.65
125497449,3.0460376085884385e+18,105.67721295172,-11.4366184032539,0.878633,11.3777,12.312,0.021,12.174,0.057,10.255,0.023,9.419,0.022,8.577,0.024,11.7357,0.001379,12.0243,0.006413,11.2532,0.004134,7.297,0.032,6.39,0.023,3.905,0.016,2.22,0.024,Theia1654,6.165950018614822,Kounkel2020,9615.0,3.62368,2.45
125267745,3.046088770238881e+18,105.469060674488,-11.3191756613331,0.912279,12.993,14.098,0.025,13.585,0.103,12.313,0.022,11.976,0.022,11.926,0.021,13.4131,0.000504,13.7285,0.002531,12.9231,0.001666,11.791,0.037,11.793,0.049,10.279,0.246,4.684,0.042,Theia1654,6.165950018614822,Kounkel2020,6554.0,1.80035,1.36
125269787,3.045995620988259e+18,105.594528545751,-11.7063471607266,0.755075,14.1903,15.844,0.031,15.072,0.183,13.104,0.024,12.802,0.026,12.61,0.031,14.7792,0.000484,15.2767,0.002898,14.0981,0.00146,12.459,0.023,12.477,0.024,11.478,,8.787,,Theia1654,6.165950018614822,Kounkel2020,7917.0,1.59491,1.9
125336992,3.0460402886480507e+18,105.553088203974,-11.410970462713,0.829864,14.9619,17.176,0.07,16.231,0.309,13.822,0.028,13.189,0.028,13.087,0.037,15.7026,0.002574,16.3575,0.010252,14.8982,0.008405,13.024,0.028,13.088,0.036,12.151,,8.948,,Theia1654,6.165950018614822,Kounkel2020,4841.0,1.44925,0.79
125497502,3.046036749594973e+18,105.720170885493,-11.4513522223616,0.765576,14.898,18.804,0.171,16.4203,0.0465,13.461,0.023,12.75,0.023,12.538,0.024,15.8251,0.002188,16.6825,0.009615,14.8761,0.007371,12.113,0.025,12.674,0.031,8.057,0.025,7.366,,Theia1654,6.165950018614822,Kounkel2020,6093.0,1.87187,1.14
125499754,3.0460430674853064e+18,105.831329030641,-11.3911911962211,0.846226,11.3536,11.729,0.259,11.578,0.022,10.797,0.022,10.68,0.023,10.589,0.019,11.5599,0.000957,11.7218,0.002967,11.2465,0.003221,10.582,0.023,10.593,0.02,12.084,,8.879,,Theia1654,6.165950018614822,Kounkel2020,9830.0,3.05081,2.51
125500324,3.0460517648005e+18,105.80912396859,-11.1319609275974,0.82382,13.1119,14.552,0.581,13.57,0.08,12.389,0.029,12.166,0.021,12.085,0.021,13.4516,0.000246,13.73,0.001604,13.0036,0.001133,11.825,0.022,11.78,0.024,10.233,0.111,7.723,,Theia1654,6.165950018614822,Kounkel2020,9277.0,1.69344,2.35
125641666,3.0460195697260554e+18,105.980969640394,-11.5727027275584,0.923224,11.944,,,12.598,0.08,11.223,0.023,10.939,0.025,10.818,0.021,12.4215,0.000216,12.7978,0.002091,11.8746,0.001215,10.305,0.026,10.027,0.021,6.021,0.049,3.159,0.04,Theia1654,6.165950018614822,Kounkel2020,6754.0,3.12829,1.44
125641756,3.045831759397198e+18,105.978009960338,-11.6015821452533,0.869622,16.0941,20.026,0.169,17.7448,0.0467,14.444,0.026,13.715,0.03,13.538,0.034,17.055,0.001507,17.967,0.010539,16.0167,0.007632,13.226,0.027,13.38,0.036,8.542,0.095,8.148,,Theia1654,6.165950018614822,Kounkel2020,4306.0,1.21538,0.67
125643932,3.045838425187625e+18,106.094370103612,-11.5134093149308,0.836083,14.7518,16.262,0.117,16.163,0.103,13.287,0.043,12.635,0.04,12.417,0.027,15.6166,0.00624,16.4344,0.021854,14.701,0.017119,12.038,0.025,12.087,0.024,12.274,,8.257,,Theia1654,6.165950018614822,Kounkel2020,4503.0,1.9756,
125641411,3.0460259606370683e+18,105.994145188744,-11.4938105168914,0.851977,13.8877,16.334,0.223,14.906,0.114,12.969,0.024,12.193,0.022,11.78,0.024,14.6348,0.002323,15.3047,0.008855,13.8327,0.005043,11.282,0.023,10.889,0.021,8.104,0.033,6.031,0.07,Theia1654,6.165950018614822,Kounkel2020,4839.0,2.33372,
125497445,3.046037058832605e+18,105.764919330362,-11.4356564351358,1.05764,16.5573,19.704,0.183,18.0659,0.0469,15.191,0.036,14.497,0.058,14.312,0.073,17.4402,0.001072,18.318,0.014134,16.4639,0.004783,,,,,,,,,Theia1654,6.165950018614822,Kounkel2020,4001.0,0.768575,0.62
125641535,3.046020669237387e+18,105.947958086199,-11.5302435587875,0.942965,15.0049,17.754,0.0,16.847,0.275,13.523,0.027,12.765,0.028,12.604,0.033,15.9499,0.004273,16.8953,0.017165,14.9346,0.011412,,,,,,,,,Theia1654,6.165950018614822,Kounkel2020,4052.0,1.91316,
125641570,3.046019913323142e+18,105.958092835445,-11.5374661863183,0.853326,14.8061,16.997,0.023,15.785,0.15,13.63,,13.002,0.042,12.731,,15.5254,0.002792,16.1404,0.010735,14.741,0.005821,,,,,,,,,Theia1654,6.165950018614822,Kounkel2020,5306.0,1.38973,0.91
125641689,3.0460195310670484e+18,105.97244031484,-11.5806738021812,0.831021,14.5715,,,15.273,0.195,13.44,0.026,12.479,0.027,11.925,0.026,15.3838,0.007383,16.1322,0.023804,14.5277,0.015566,10.701,0.027,10.428,0.025,5.912,0.022,3.519,0.041,Theia1654,6.165950018614822,Kounkel2020,4788.0,1.93273,
125642371,3.0458234400391383e+18,105.985486549288,-11.8303001562573,0.928945,12.9878,14.29,0.032,13.626,0.137,12.284,0.023,11.967,0.024,11.857,0.023,13.4572,0.000225,13.8193,0.002114,12.9194,0.001165,11.756,0.023,11.824,0.021,9.012,0.139,6.07,0.117,Theia1654,6.165950018614822,Kounkel2020,6323.0,1.91291,1.25
125642880,3.0458118951670467e+18,106.073066856401,-11.837614173271,0.8527,12.3173,13.215,0.117,12.975,0.092,11.622,0.022,11.054,0.022,10.305,0.021,12.6821,0.008908,12.9338,0.034239,12.2357,0.011493,9.265,0.025,8.623,0.021,5.531,0.015,3.893,0.028,Theia1654,6.165950018614822,Kounkel2020,6683.0,2.42289,1.41
125643305,3.0458268803143875e+18,106.047405219658,-11.6958464802489,0.790654,13.3108,14.197,0.032,13.772,0.126,12.798,0.026,12.637,0.028,12.548,0.027,13.6333,0.000314,13.8769,0.001314,13.237,0.001181,12.56,0.027,12.568,0.028,11.362,,8.021,,Theia1654,6.165950018614822,Kounkel2020,7624.0,1.54562,1.78
125336978,3.046037883466345e+18,105.651183918343,-11.4169500472222,0.775343,14.8237,17.908,-0.214,16.666,0.046,13.38,0.028,12.562,0.028,12.376,0.03,15.7888,0.001498,16.7148,0.008351,14.8154,0.007668,,,,,,,,,Theia1654,6.165950018614822,Kounkel2020,4945.0,2.24474,
125640467,3.046426354666895e+18,105.979290032494,-11.1238586190805,0.635394,16.3636,18.267,0.115,17.4207,0.0465,15.26,0.039,14.789,0.077,14.556,0.092,17.0698,0.001033,17.6533,0.015605,16.2858,0.00534,,,,,,,,,Theia1654,6.165950018614822,Kounkel2020,5775.0,0.859186,1.03
125641420,3.046026853990282e+18,105.940971276294,-11.4957149327661,0.893474,15.3149,17.901,0.103,16.632,0.16,14.079,0.024,13.428,0.028,13.231,0.027,16.1289,0.003098,16.8527,0.013789,15.2542,0.0082,13.194,0.033,13.173,0.041,12.165,,8.543,,Theia1654,6.165950018614822,Kounkel2020,4966.0,1.2552,0.82
125641199,3.046027536887738e+18,106.00938031301,-11.4286227401687,0.855515,11.9547,10.7,,12.2472,0.0461,11.306,0.03,10.75,0.034,9.941,0.052,12.1824,0.003921,12.3454,0.014069,11.843,0.011219,8.41,0.023,7.514,0.018,4.064,0.011,2.265,0.016,Theia1654,6.165950018614822,Kounkel2020,9218.0,2.37303,2.34
125641647,3.0458377723513585e+18,106.013779406618,-11.5662998801514,0.860545,15.264,18.542,0.179,16.796,0.183,13.74,0.033,12.971,0.037,12.769,0.045,16.1984,0.007342,17.1008,0.031847,15.2058,0.022185,,,,,,,,,Theia1654,6.165950018614822,Kounkel2020,4325.0,1.71866,
125497161,3.046047435473557e+18,105.73512655247,-11.3227309196548,0.902724,14.7614,16.951,0.136,16.26,0.057,13.407,0.024,12.924,0.027,12.76,0.036,15.5315,0.000686,16.2274,0.004469,14.691,0.002075,12.545,0.027,12.455,0.033,10.171,,8.261,,Theia1654,6.165950018614822,Kounkel2020,4586.0,1.57991,
125497804,3.046022352864635e+18,105.700109214325,-11.5665065562294,0.75261,15.5681,18.511,0.18,17.1342,0.0464,13.945,0.024,13.333,0.025,13.095,0.033,16.5139,0.001318,17.3914,0.00958,15.5457,0.005281,12.924,0.036,12.88,0.05,10.277,,8.174,,Theia1654,6.165950018614822,Kounkel2020,6340.0,1.43346,1.26
125640881,3.046045476968402e+18,105.93831912811,-11.2926877445076,0.819797,13.2828,14.517,0.026,14.005,0.114,12.411,0.024,12.152,0.021,12.019,0.024,13.7419,0.00025,14.1033,0.001419,13.1951,0.000889,11.893,0.025,11.894,0.026,9.304,0.181,5.789,0.07,Theia1654,6.165950018614822,Kounkel2020,7541.0,1.83826,1.74
125644224,3.046028812495321e+18,106.027917328785,-11.4356954030118,0.833987,11.422,11.618,0.246,11.598,0.024,10.763,0.026,10.022,0.024,9.116,0.021,11.6626,0.001972,11.8291,0.004558,11.3055,0.008804,7.884,0.026,7.08,0.019,3.907,0.014,2.054,0.014,Theia1654,6.165950018614822,Kounkel2020,9053.0,3.16878,2.29
125126401,3.0460916220966497e+18,105.393392494023,-11.2937857508581,0.911537,14.5909,16.682,0.097,15.575,0.08,13.512,0.032,12.905,0.044,12.779,0.03,15.3033,0.001654,15.9244,0.008275,14.5284,0.00514,12.603,0.032,12.56,0.036,9.653,,7.405,,Theia1654,6.165950018614822,Kounkel2020,4987.0,1.47692,0.83
125268573,3.0460089182069985e+18,105.507910661019,-11.6199035663416,0.721255,14.7188,16.749,0.16,15.895,0.16,13.571,0.022,13.19,0.026,12.997,0.029,15.4198,0.000563,16.0199,0.002187,14.6617,0.00151,12.813,0.029,12.851,0.033,9.88,0.113,7.67,0.289,Theia1654,6.165950018614822,Kounkel2020,6198.0,1.54592,1.19
125496458,3.046103270047684e+18,105.677442243055,-11.0256022608139,0.555065,16.0433,18.356,0.111,17.2685,0.046,14.814,0.04,14.216,0.056,13.982,0.065,16.8331,0.000973,17.5288,0.005837,15.9954,0.004022,13.798,0.029,13.778,0.044,12.501,,8.953,,Theia1654,6.165950018614822,Kounkel2020,5763.0,1.27603,1.03
125641887,3.045830964820569e+18,105.968117226719,-11.6516857830153,0.875802,15.2155,,,17.0251,0.0505,13.588,0.033,12.83,0.031,12.613,0.034,16.2258,0.005822,17.2839,0.021654,15.1791,0.017356,12.473,0.032,12.411,0.031,9.349,,7.28,,Theia1654,6.165950018614822,Kounkel2020,4007.0,2.0459,
125641311,3.0460271288681574e+18,106.012872392893,-11.4686557584468,0.896013,14.4925,17.687,0.182,15.711,0.332,13.296,0.027,12.627,0.026,12.488,0.03,15.3078,0.001269,16.0442,0.00466,14.4378,0.004,12.358,0.024,12.41,0.026,11.311,,7.947,,Theia1654,6.165950018614822,Kounkel2020,4859.0,1.85246,
125641769,3.0458315875984927e+18,106.004766758124,-11.6071060393137,0.830308,14.6746,17.255,0.19,15.926,0.172,13.5,,12.685,0.035,12.512,0.038,15.4976,0.003178,16.2383,0.012615,14.6247,0.008719,12.317,0.036,12.367,0.038,9.882,,7.018,,Theia1654,6.165950018614822,Kounkel2020,5035.0,1.81335,
125642029,3.045829766532436e+18,106.008301639246,-11.7000992189731,0.879568,13.3801,14.574,0.111,14.058,0.114,12.695,0.024,12.396,0.025,12.273,0.029,13.8071,0.000333,14.1334,0.002499,13.3092,0.001177,12.219,0.028,12.184,0.028,11.327,,7.364,,Theia1654,6.165950018614822,Kounkel2020,6806.0,1.57021,1.46
125643075,3.045813720534612e+18,106.116631260931,-11.7725244295825,0.814988,14.5214,13.914,0.09,15.25,0.229,13.703,0.03,13.339,0.035,13.233,0.037,15.0966,0.000644,15.563,0.00363,14.4544,0.001862,13.027,0.035,13.082,0.037,12.291,,8.743,,Theia1654,6.165950018614822,Kounkel2020,5610.0,1.30766,0.99
125643271,3.0458269146741407e+18,106.034006324733,-11.7054760902836,0.876448,16.3058,20.025,0.171,18.5804,0.0602,14.454,0.039,13.699,0.037,13.47,0.044,17.4497,0.002223,18.7349,0.043801,16.2195,0.006622,13.3,0.031,13.207,0.033,10.811,,7.956,,Theia1654,6.165950018614822,Kounkel2020,3709.0,1.45216,
125644331,3.0460289155745137e+18,106.07002262035,-11.4090237223092,0.924354,15.7906,19.945,0.166,16.776,1.133,14.123,0.026,13.213,0.028,12.595,0.024,16.5412,0.029273,17.1255,0.111844,15.6325,0.086589,11.26,0.023,10.403,0.02,7.959,0.021,5.919,0.061,Theia1654,6.165950018614822,Kounkel2020,4639.0,0.933465,0.74
125499568,3.0460249642047e+18,105.814728504828,-11.4727741535483,0.920419,15.8359,19.055,0.178,17.4541,0.0466,14.154,0.033,13.371,0.039,13.125,0.038,16.7745,0.002182,17.702,0.010133,15.7667,0.005666,12.973,0.035,13.0,0.038,10.592,,8.166,,Theia1654,6.165950018614822,Kounkel2020,4110.0,1.31524,0.64
125499999,3.046046473400823e+18,105.886995444938,-11.2783079535481,0.794472,13.5443,14.95,0.058,14.323,0.114,12.582,0.021,12.302,0.025,12.159,0.026,14.0831,0.000347,14.521,0.002387,13.4673,0.001911,,,,,,,,,Theia1654,6.165950018614822,Kounkel2020,7113.0,1.88388,1.58
125640676,3.046421784821727e+18,105.996676005524,-11.1997144791226,0.770266,10.3864,10.426,0.088,10.286,0.007,10.163,0.022,10.122,0.022,10.104,0.019,10.3313,0.000617,10.382,0.001517,10.2272,0.001186,10.078,0.022,10.095,0.021,9.857,0.076,6.303,0.063,Theia1654,6.165950018614822,Kounkel2020,,,
125640923,3.04603382901708e+18,106.024287632436,-11.3135678732532,,15.397,,,16.891,1.133,13.689,0.021,12.595,0.021,12.011,0.019,16.2821,0.004111,17.0195,0.01538,15.1222,0.010442,9.874,0.022,9.107,0.019,4.244,0.018,0.423,0.016,Theia1654,6.165950018614822,Kounkel2020,,,
125643285,3.045827017753312e+18,106.099429896064,-11.7018934188477,0.93779,13.9065,14.948,0.113,15.151,0.023,12.637,0.026,11.988,0.03,11.801,0.021,14.7152,0.001606,15.4654,0.006458,13.8489,0.004489,11.648,0.038,11.643,0.038,12.425,0.495,8.435,,Theia1654,6.165950018614822,Kounkel2020,4552.0,2.39128,
125643402,3.045830277630802e+18,106.037197877579,-11.6655860997322,0.887617,16.3122,14.686,0.092,18.0663,0.0502,14.695,0.047,13.843,0.043,13.664,0.05,17.2962,0.002822,18.2466,0.026714,16.1819,0.008623,13.582,0.067,13.669,0.081,11.893,,7.928,,Theia1654,6.165950018614822,Kounkel2020,3984.0,1.16718,0.62
125643520,3.045830518144017e+18,106.059343559361,-11.6293828576698,0.934661,15.9156,,,17.9516,0.0476,14.201,0.05,13.425,0.062,13.186,0.046,16.9868,0.001321,18.1622,0.014973,15.8434,0.004315,12.433,0.035,12.434,0.043,8.519,0.025,5.437,0.068,Theia1654,6.165950018614822,Kounkel2020,3811.0,1.46474,
125643579,3.0458364323215555e+18,106.086007080899,-11.6123232320252,0.936275,16.3362,19.334,0.179,18.1955,0.0492,14.596,0.03,13.726,0.028,13.539,0.045,17.354,0.002578,18.4,0.02224,16.2387,0.007344,13.506,0.025,13.445,0.032,12.087,,8.844,,Theia1654,6.165950018614822,Kounkel2020,3936.0,1.11673,0.61
125643737,3.0458372913149486e+18,106.129034362362,-11.5650733636901,0.836237,11.5847,11.927,0.016,11.766,0.069,11.279,0.024,11.199,0.028,11.206,0.027,11.6886,0.000272,11.7793,0.002531,11.4809,0.000773,11.169,0.026,11.218,0.025,11.158,0.173,8.58,,Theia1654,6.165950018614822,Kounkel2020,11408.0,2.29373,3.0
125643980,3.046026128134299e+18,106.067763452,-11.499961368844,0.850413,11.7886,11.606,0.223,12.149,0.08,11.267,0.024,11.108,0.022,11.045,0.024,12.074,0.000931,12.2937,0.003787,11.7119,0.002337,10.975,0.024,10.976,0.021,11.001,0.154,9.047,,Theia1654,6.165950018614822,Kounkel2020,8075.0,2.78361,1.96
125644052,3.045840001431516e+18,106.104185369924,-11.4835406701491,0.899587,11.6562,12.113,0.017,11.904,0.08,11.262,0.024,11.167,0.021,11.125,0.024,11.8149,0.000428,11.9408,0.00188,11.5702,0.000782,10.971,0.023,11.011,0.02,9.66,0.055,7.138,0.275,Theia1654,6.165950018614822,Kounkel2020,9420.0,2.34355,2.39
125644212,3.046028189719393e+18,106.12727955901,-11.4375202705497,0.724317,15.4459,19.071,0.175,16.463,1.133,14.031,0.029,13.285,0.03,13.166,0.021,16.3419,0.002949,17.1872,0.016974,15.3783,0.008049,13.054,0.024,13.003,0.029,12.415,,8.721,,Theia1654,6.165950018614822,Kounkel2020,4398.0,1.75293,
125644271,3.046028945633705e+18,106.049018595832,-11.4201474011012,0.95118,16.2133,,,18.0818,0.0503,14.529,0.036,13.746,0.037,13.566,0.046,17.2536,0.003583,18.2686,0.025284,16.1249,0.009928,13.379,0.025,13.402,0.039,12.094,,8.644,,Theia1654,6.165950018614822,Kounkel2020,4077.0,1.25217,0.64
125644122,3.0460279191424645e+18,106.068319907351,-11.4626869926728,0.921227,15.1753,18.779,0.175,16.719,1.133,13.673,0.032,12.943,0.032,12.687,0.033,16.0606,0.00174,16.8808,0.004475,15.0922,0.006953,12.5,0.024,12.465,0.025,11.609,,8.959,,Theia1654,6.165950018614822,Kounkel2020,4391.0,1.54057,
125644163,3.0460272663071007e+18,106.030890780912,-11.451595638378,0.87869,15.9378,19.919,0.17,17.6297,0.0475,14.421,0.029,13.576,0.034,13.417,0.041,16.9142,0.002065,17.8681,0.016851,15.8805,0.004954,13.36,0.024,13.584,0.03,12.076,,8.682,,Theia1654,6.165950018614822,Kounkel2020,4259.0,1.33298,0.67
125644175,3.046027811761475e+18,106.112680074966,-11.4482869738712,0.426822,11.5467,14.345,0.024,12.875,0.103,10.225,0.024,9.522,0.022,9.339,0.023,12.4065,0.000325,13.2198,0.001431,11.5261,0.001155,9.194,0.023,9.262,0.02,9.385,0.048,8.726,,Theia1654,6.165950018614822,Kounkel2020,4880.0,15.5571,
125644276,3.046028159660627e+18,106.080145531154,-11.4188155894164,0.833036,14.0457,16.216,0.044,14.941,0.149,12.904,0.026,12.354,0.028,12.26,0.027,14.7344,0.005515,15.3308,0.019822,13.9897,0.014421,12.212,0.023,12.247,0.025,12.004,0.48,9.063,,Theia1654,6.165950018614822,Kounkel2020,5205.0,1.94968,0.89
148301592,3.0457290237804605e+18,106.279293892181,-12.1961793810617,0.885389,15.7016,18.919,0.181,17.2468,0.0467,14.293,0.033,13.55,0.044,13.42,0.041,16.6057,0.001769,17.5259,0.011629,15.6483,0.005803,13.199,0.024,13.226,0.029,12.251,,8.976,,Theia1654,6.165950018614822,Kounkel2020,4060.0,1.393,
148343496,3.0457166886343977e+18,106.317273483521,-12.2488247456184,0.857272,16.2594,17.991,0.105,17.9947,0.0881,14.235,0.029,13.301,0.031,12.768,0.03,17.2395,0.022033,18.1535,0.089025,16.1096,0.046932,11.982,0.025,11.341,0.025,11.013,,8.768,,Theia1654,6.165950018614822,Kounkel2020,4009.0,1.24421,0.63
148343843,3.0457139054956216e+18,106.341689227285,-12.335168840089,0.839972,13.7639,,,15.013,0.069,12.543,0.032,11.9,0.036,11.674,0.029,14.5458,0.002972,15.2295,0.014353,13.6757,0.007443,,,,,,,,,Theia1654,6.165950018614822,Kounkel2020,4653.0,2.69984,
125499555,3.046024586247581e+18,105.802897275391,-11.4773091421092,0.903325,14.9731,18.944,0.166,16.612,0.206,13.13,0.024,12.249,0.027,11.932,0.024,15.9959,0.005463,17.078,0.02684,14.9208,0.016232,11.237,0.024,10.649,0.021,7.785,0.032,6.013,0.058,Theia1654,6.165950018614822,Kounkel2020,3961.0,2.19174,
125641408,3.0460267509110574e+18,105.970972851278,-11.4931240405094,0.851399,13.6563,15.801,0.026,14.972,0.137,12.356,0.024,11.54,0.022,10.947,0.021,14.3884,0.002227,15.0217,0.00751,13.599,0.004887,10.281,0.023,9.747,0.02,7.474,0.025,5.809,0.085,Theia1654,6.165950018614822,Kounkel2020,5402.0,2.38156,0.94
125641086,3.046032076670456e+18,106.016258744768,-11.3967001199281,0.918156,15.3443,,,16.917,1.133,13.926,0.029,13.099,0.038,12.839,0.033,16.311,0.004778,17.2625,0.018958,15.3066,0.014368,,,,,,,,,Theia1654,6.165950018614822,Kounkel2020,4350.0,1.6187,
125644549,3.046032626426246e+18,106.049666356981,-11.3586805652462,0.879839,13.3751,17.197,0.172,14.715,0.092,11.927,0.024,11.263,0.021,11.009,0.024,14.2167,0.001781,15.0021,0.007162,13.3276,0.006463,10.863,0.024,10.826,0.025,9.17,0.383,7.341,0.192,Theia1654,6.165950018614822,Kounkel2020,4628.0,3.37457,
125644600,3.046404982909915e+18,106.135596833812,-11.3396703695716,0.825441,13.3135,14.449,0.029,13.831,0.229,12.625,0.023,12.397,0.026,12.274,0.024,13.7312,0.000308,14.0499,0.001419,13.2419,0.001501,12.185,0.025,12.198,0.024,11.538,,8.743,,Theia1654,6.165950018614822,Kounkel2020,6908.0,1.69786,1.5
125644789,3.0464092091577585e+18,106.046945946729,-11.2799224313421,0.955498,13.274,15.605,0.053,14.554,0.137,11.978,0.024,11.383,0.022,11.13,0.024,14.0458,0.000788,14.7545,0.002994,13.2102,0.002781,10.526,0.024,10.008,0.021,6.233,0.025,3.828,0.03,Theia1654,6.165950018614822,Kounkel2020,4541.0,3.00341,
125644998,3.046410136870391e+18,106.089467309409,-11.2169599792869,0.8794,14.0747,16.665,0.106,14.934,0.195,13.068,0.026,12.609,0.028,12.468,0.027,14.7152,0.000885,15.2491,0.003627,14.01,0.002787,12.438,0.06,12.428,0.06,10.764,,7.911,,Theia1654,6.165950018614822,Kounkel2020,5532.0,1.64753,0.97
125642889,3.0458118994685635e+18,106.064499588322,-11.8352807977758,0.526576,12.9042,14.859,0.036,13.952,0.103,11.82,0.024,11.324,0.022,11.165,0.023,13.5868,0.000599,14.1709,0.002808,12.8465,0.003099,11.065,0.022,11.074,0.02,10.835,0.131,8.073,0.217,Theia1654,6.165950018614822,Kounkel2020,5400.0,4.97034,
125643629,3.045831621959431e+18,106.025298918934,-11.5979173670381,1.00137,15.6887,19.275,0.176,17.2824,0.0481,14.205,0.036,13.408,0.04,13.234,0.043,16.6233,0.004131,17.5394,0.014347,15.6345,0.015172,,,,,,,,,Theia1654,6.165950018614822,Kounkel2020,4258.0,1.23776,0.67
125643746,3.045837978509746e+18,106.079731233932,-11.5633606767261,0.863682,14.5549,17.603,0.182,15.933,0.092,13.097,0.033,12.418,0.043,12.162,0.033,15.4363,0.002112,16.2779,0.009056,14.5041,0.005183,11.544,0.023,11.016,0.022,8.634,0.038,6.668,0.108,Theia1654,6.165950018614822,Kounkel2020,4443.0,2.15504,
125644692,3.046033829017076e+18,106.027410538055,-11.3096607981241,0.882966,14.5554,,,16.493,0.355,13.099,0.026,12.177,0.021,11.624,0.023,15.4298,0.002886,16.1862,0.029436,14.4656,0.0083,9.456,0.027,8.771,0.021,4.07,0.017,1.289,0.026,Theia1654,6.165950018614822,Kounkel2020,4919.0,1.97134,
125644984,3.04640993071196e+18,106.098596134995,-11.2227220260917,0.897018,13.3917,14.401,0.023,13.912,0.114,12.751,0.024,12.556,0.024,12.511,0.029,13.7622,0.000315,14.0408,0.001586,13.3174,0.001549,12.35,0.027,12.408,0.029,9.694,0.066,6.828,0.198,Theia1654,6.165950018614822,Kounkel2020,7247.0,1.40975,1.63
148172984,3.0458070547454986e+18,106.12192894038,-11.9360479123116,0.898696,13.6215,15.166,0.03,14.33,0.195,12.743,0.027,12.388,0.025,12.297,0.029,14.1723,0.000956,14.6205,0.005075,13.561,0.00314,12.15,0.024,12.196,0.024,11.404,0.2,8.39,,Theia1654,6.165950018614822,Kounkel2020,5709.0,1.72035,1.02
148344123,3.0457093356504325e+18,106.395932950329,-12.4308293407152,0.484203,16.4305,17.855,0.126,17.2903,0.0461,15.502,0.06,15.145,0.099,14.884,0.125,17.0319,0.001265,17.5241,0.010207,16.3646,0.005453,15.142,0.043,15.36,0.108,12.573,,9.212,,Theia1654,6.165950018614822,Kounkel2020,5790.0,0.928585,1.04
125643438,3.045827498789609e+18,106.092117678638,-11.6518984697999,0.908657,10.6352,10.697,0.112,10.556,0.01,10.519,0.026,10.502,0.026,10.494,0.021,10.6403,0.000349,10.6746,0.002669,10.5551,0.001303,10.424,0.023,10.458,0.02,9.909,0.051,7.762,0.197,Theia1654,6.165950018614822,Kounkel2020,13079.0,,
125644355,3.046028571977484e+18,106.096898672057,-11.4048170244813,0.844491,14.9705,18.126,0.179,16.396,1.133,13.451,0.024,12.643,0.03,12.191,0.024,15.8558,0.007305,16.703,0.026526,14.9078,0.018542,11.816,0.024,11.498,0.022,9.943,0.148,7.658,0.24,Theia1654,6.165950018614822,Kounkel2020,4342.0,1.85741,
125644643,3.04603283258466e+18,106.065424667628,-11.3275157303315,0.824704,13.4728,15.9,0.037,14.921,0.16,11.887,0.023,11.219,0.021,10.909,0.023,14.3166,0.000465,15.0795,0.002893,13.4217,0.001517,10.653,0.024,10.518,0.022,7.389,0.107,3.592,0.06,Theia1654,6.165950018614822,Kounkel2020,4964.0,3.29509,
148343704,3.045715657842274e+18,106.321629607238,-12.3069505345166,0.986744,14.3467,,,15.806,0.069,12.559,0.024,11.732,0.022,11.481,0.021,15.2144,0.005904,16.0095,0.022367,14.2113,0.01582,10.978,0.022,10.6,0.022,6.984,0.023,2.662,0.023,Theia1654,6.165950018614822,Kounkel2020,,,
148343786,3.045713939855363e+18,106.319782472706,-12.3262479827703,0.922741,8.0209,7.984,0.0,7.98,0.03,7.972,0.026,8.037,0.059,7.999,0.017,7.93951,0.000862,7.92182,0.001964,7.96427,0.001983,7.929,0.027,7.874,0.024,4.486,0.016,0.934,0.035,Theia1654,6.165950018614822,Kounkel2020,14097.0,,
148502346,3.044930812698063e+18,106.425379204192,-12.811842655785,0.90065,7.3822,,,7.3,0.03,7.504,0.019,7.582,0.038,7.621,0.023,7.23996,0.000747,7.20662,0.001902,7.31989,0.003665,7.573,0.031,7.657,0.02,7.266,0.017,4.392,0.033,Theia1654,6.165950018614822,Kounkel2020,,,
177009311,3.045814167211174e+18,106.14711148999,-11.7494994136091,0.777098,10.6267,10.655,0.115,10.583,0.011,10.385,0.029,10.384,0.032,10.351,0.027,10.6016,0.000981,10.6348,0.008962,10.5693,0.022113,10.263,0.022,10.276,0.018,10.116,0.061,8.576,0.324,Theia1654,6.165950018614822,Kounkel2020,13694.0,,
125336700,3.0460345849315016e+18,105.60936855392,-11.5249449923804,0.866025,12.7098,13.19,0.017,12.99,0.103,12.327,0.024,12.182,0.022,12.168,0.023,12.9033,0.000462,13.037,0.002261,12.6442,0.001167,12.076,0.026,12.08,0.029,10.182,0.205,8.253,,Theia1654,6.165950018614822,Kounkel2020,7886.0,1.55825,1.88
125497529,3.046036646515753e+18,105.74607789952,-11.4571659746149,0.788169,10.8018,11.584,0.027,11.257,0.046,9.97,0.023,9.761,0.023,9.652,0.023,11.051,0.002355,11.2913,0.004252,10.6272,0.006693,9.611,0.028,9.566,0.027,10.06,,3.38,0.043,Theia1654,6.165950018614822,Kounkel2020,,,
125497765,3.0460226964620083e+18,105.732095315994,-11.5515212491991,0.877589,14.9851,18.15,0.176,16.404,1.133,13.283,0.022,12.608,0.023,12.322,0.021,15.9638,0.000931,16.9133,0.011962,14.9566,0.00225,12.191,0.028,12.143,0.031,10.609,,8.431,,Theia1654,6.165950018614822,Kounkel2020,4525.0,1.99532,
125641248,3.0460274381058084e+18,105.962412818454,-11.4463341005599,0.867532,16.0059,18.369,0.11,17.3492,0.0466,14.751,0.04,14.108,0.047,13.867,0.051,16.846,0.00275,17.6012,0.01223,15.9465,0.005971,13.868,0.043,14.014,0.057,11.517,,8.848,,Theia1654,6.165950018614822,Kounkel2020,4877.0,0.990597,0.8
125641595,3.046025720119223e+18,105.974994931308,-11.5466303451524,0.820798,13.5515,15.789,0.093,14.772,0.137,12.344,0.023,11.611,0.025,11.175,0.023,14.3194,0.00265,15.0017,0.010182,13.4963,0.007583,10.157,0.021,9.834,0.019,7.376,0.02,5.602,0.054,Theia1654,6.165950018614822,Kounkel2020,5002.0,2.84912,
125643670,3.0458374631137034e+18,106.056592123935,-11.5857132910419,0.917668,16.0427,19.319,0.183,17.3835,0.0475,14.695,0.044,14.076,0.028,13.809,0.054,16.877,0.003225,17.609,0.013332,15.9486,0.015544,12.901,0.029,12.949,0.035,8.554,0.034,6.313,0.077,Theia1654,6.165950018614822,Kounkel2020,4624.0,0.946702,0.73
125644381,3.046028984293991e+18,106.058161222546,-11.4004111621771,0.981414,15.8487,19.922,0.171,17.4613,0.0516,14.387,0.037,13.559,0.042,13.386,0.045,16.7975,0.005612,17.6939,0.026149,15.7821,0.022257,13.106,0.028,13.057,0.034,12.139,,8.222,,Theia1654,6.165950018614822,Kounkel2020,4411.0,1.16873,0.69
125645013,3.04641136952103e+18,106.121772321079,-11.2122165361983,0.824921,14.1246,15.91,0.065,14.942,0.252,13.189,0.024,12.759,0.021,12.646,0.03,14.7273,0.001103,15.2236,0.003761,14.0605,0.003047,12.611,0.025,12.705,0.03,12.479,,8.715,,Theia1654,6.165950018614822,Kounkel2020,5625.0,1.60923,1.0
148302925,3.045753797151712e+18,106.386351158218,-12.078231628802,0.680415,15.8092,17.384,0.116,16.7001,0.0461,14.86,0.036,14.354,0.039,14.378,0.092,16.4271,0.001043,16.9407,0.009299,15.746,0.004689,14.246,0.031,14.525,0.06,12.314,,8.955,,Theia1654,6.165950018614822,Kounkel2020,5487.0,0.92765,0.96
148343808,3.045713939855364e+18,106.315997351242,-12.3291753850021,,15.1738,,,16.74,1.133,13.277,0.029,12.448,0.031,12.058,0.027,15.8687,0.012347,16.1001,0.111343,14.6996,0.048032,9.752,0.026,9.506,0.027,4.502,0.016,0.917,0.03,Theia1654,6.165950018614822,Kounkel2020,,,
177009309,3.045814162909774e+18,106.150788342009,-11.7499216474606,0.88005,12.2992,13.132,0.136,12.413,0.08,11.989,0.024,11.996,0.022,11.98,0.026,12.3709,0.000249,12.4316,0.002371,12.2204,0.00179,11.994,0.069,12.001,0.062,11.445,0.24,8.505,,Theia1654,6.165950018614822,Kounkel2020,9964.0,1.5644,2.55
177010524,3.046405532665719e+18,106.184578883028,-11.3012488306422,0.731331,13.8053,15.001,0.037,14.47,0.103,12.996,0.024,12.709,0.026,12.43,0.026,14.239,0.000595,14.5684,0.002794,13.723,0.001463,11.703,0.023,11.064,0.022,8.351,0.023,6.647,0.071,Theia1654,6.165950018614822,Kounkel2020,7124.0,1.55515,1.58
148302983,3.0457541751088824e+18,106.297844628946,-12.1005481554964,0.735375,12.3515,12.813,0.025,12.613,0.08,11.899,0.024,11.786,0.023,11.724,0.023,12.526,0.000366,12.6553,0.001351,12.2785,0.001169,11.653,0.022,11.673,0.021,11.664,0.248,9.039,,Theia1654,6.165950018614822,Kounkel2020,8521.0,2.12471,2.12
148343493,3.045716894792833e+18,106.305159358405,-12.2483202735201,0.930804,14.7986,18.179,0.174,16.227,0.092,13.073,0.024,12.378,0.023,12.201,0.023,15.7134,0.004826,16.6279,0.017948,14.7364,0.013059,12.192,0.024,12.115,0.025,12.16,,8.786,,Theia1654,6.165950018614822,Kounkel2020,4093.0,2.02186,
177009089,3.045812380504816e+18,106.186640978889,-11.824636634047,0.494042,16.3772,18.126,0.124,17.3151,0.046,15.362,0.058,15.07,0.079,14.73,0.122,17.0207,0.001111,17.5592,0.00776,16.3146,0.003817,14.741,0.045,14.984,0.086,12.162,,8.686,,Theia1654,6.165950018614822,Kounkel2020,5565.0,1.00809,0.98
177009745,3.045836909055444e+18,106.14288816192,-11.580602444089,0.850087,16.2259,19.697,0.175,18.1503,0.0534,14.427,0.039,13.656,0.036,13.445,0.049,17.2781,0.005634,18.3519,0.030841,16.1503,0.015955,,,,,,,,,Theia1654,6.165950018614822,Kounkel2020,3982.0,1.3915,
177009998,3.045839039358842e+18,106.169418297968,-11.4939068961413,0.830906,12.288,12.966,0.0,12.614,0.252,11.774,0.024,11.707,0.027,11.638,0.023,12.5404,0.000415,12.7283,0.001928,12.2119,0.002051,11.349,0.022,11.248,0.021,10.494,0.087,8.832,0.458,Theia1654,6.165950018614822,Kounkel2020,8078.0,2.16001,1.96
177010537,3.046405567025455e+18,106.196923482729,-11.295707902523,0.561449,15.9845,18.121,0.115,17.1337,0.0463,14.794,0.045,14.238,0.047,14.087,0.072,16.7361,0.00105,17.3755,0.011845,15.914,0.003889,14.156,0.032,14.274,0.051,12.182,,8.689,,Theia1654,6.165950018614822,Kounkel2020,5404.0,1.27327,0.94
177009423,3.045820278941801e+18,106.231433521828,-11.7023366210174,0.273166,15.5962,17.339,0.016,16.541,1.133,14.53,0.041,14.139,0.042,13.948,0.081,16.2395,0.000758,16.7735,0.007685,15.531,0.002156,13.86,0.029,13.875,0.038,12.597,,8.945,,Theia1654,6.165950018614822,Kounkel2020,5891.0,2.37645,1.07
177009997,3.0458397995757737e+18,106.155871567084,-11.4940433791938,0.96762,12.5964,14.347,0.023,13.426,0.08,11.647,0.024,11.277,0.025,11.131,0.021,13.1979,0.000546,13.6965,0.002046,12.5336,0.001225,11.028,0.023,11.016,0.021,11.433,0.205,8.49,,Theia1654,6.165950018614822,Kounkel2020,5435.0,2.83002,
177010259,3.0464037072991995e+18,106.175992453441,-11.3989888099489,0.860428,14.9638,17.837,0.1,16.256,0.309,13.786,0.028,13.192,0.032,13.123,0.037,15.7434,0.001412,16.4481,0.005961,14.9175,0.003447,12.905,0.024,12.941,0.03,12.103,,8.461,,Theia1654,6.165950018614822,Kounkel2020,4959.0,1.45684,0.82
177011124,3.0464306796938045e+18,106.212138556532,-11.0514021253546,0.906519,11.643,11.806,0.296,11.739,0.08,11.438,0.026,11.4,0.025,11.368,0.024,11.6531,0.000463,11.6569,0.003815,11.5555,0.002998,11.349,0.024,11.392,0.023,12.112,,8.726,,Theia1654,6.165950018614822,Kounkel2020,10552.0,1.87107,2.73
177124482,3.046412610771801e+18,106.375605222175,-11.237781896828,0.789082,15.0006,18.243,0.178,16.691,1.133,13.438,0.03,12.663,0.022,12.476,0.029,15.9943,0.003976,16.9383,0.020571,14.9999,0.010394,12.497,0.025,12.427,0.026,12.07,,8.716,,Theia1654,6.165950018614822,Kounkel2020,6053.0,1.92386,1.13
125645271,3.046424430521496e+18,106.127240547326,-11.1083668936267,0.678234,14.1718,16.2,0.038,15.294,0.046,12.952,0.022,12.554,0.022,12.394,0.024,14.8814,0.000422,15.4807,0.003368,14.1052,0.002196,12.162,0.026,12.234,0.037,12.011,,8.445,,Theia1654,6.165950018614822,Kounkel2020,6193.0,2.13617,1.19
148302578,3.0457601880622377e+18,106.363381981639,-11.9604603012472,0.761467,12.8439,13.519,0.036,13.158,0.114,12.334,0.023,12.207,0.025,12.151,0.021,13.0902,0.000419,13.2815,0.001501,12.7612,0.001257,12.127,0.023,12.159,0.023,11.863,,8.875,,Theia1654,6.165950018614822,Kounkel2020,8551.0,1.81276,2.13
148343429,3.045717169670704e+18,106.368260689243,-12.2260180138922,0.450254,15.9823,17.612,0.0,16.58,1.133,15.045,0.038,14.573,0.042,14.484,0.088,16.5841,0.001118,17.0612,0.019624,15.901,0.007519,,,,,,,,,Theia1654,6.165950018614822,Kounkel2020,5817.0,1.21596,1.05
148505021,3.045762730683566e+18,106.470391831096,-11.9627137086241,1.04791,13.5143,,,14.208,0.16,12.855,0.022,12.546,0.022,12.533,0.026,13.9478,0.000314,14.2791,0.001562,13.4511,0.001231,12.164,0.023,12.278,0.024,12.025,,8.945,,Theia1654,6.165950018614822,Kounkel2020,6273.0,1.2701,1.22
177124416,3.0464137403427963e+18,106.336576180416,-11.1937092111859,0.815872,11.9605,12.008,0.357,12.151,0.043,11.4,0.024,11.205,0.022,11.145,0.023,12.2747,0.000517,12.5086,0.002269,11.8961,0.001631,11.139,0.024,11.127,0.022,10.195,,7.228,,Theia1654,6.165950018614822,Kounkel2020,7273.0,2.7631,1.64
125645251,3.04642487289835e+18,106.031666698599,-11.1170960396037,0.821893,16.0565,19.545,0.178,17.6154,0.0518,14.722,0.03,13.923,0.051,13.805,0.043,16.9912,0.002489,17.8757,0.036366,16.0239,0.005687,13.597,0.043,13.682,0.051,10.084,,7.416,,Theia1654,6.165950018614822,Kounkel2020,4724.0,1.19718,0.76
148502564,3.0449336258968986e+18,106.482909695805,-12.7359547265999,0.840113,12.9586,13.644,0.058,13.278,0.069,12.471,0.032,12.347,0.036,12.235,0.03,13.215,0.000409,13.4044,0.002671,12.8761,0.002161,12.075,0.023,12.112,0.023,12.659,0.529,8.958,0.464,Theia1654,6.165950018614822,Kounkel2020,8192.0,1.58091,2.0
177009898,3.0458388375031214e+18,106.159589818243,-11.5240635050903,0.892888,7.4122,7.249,0.0,7.22,0.03,7.392,0.029,7.416,0.046,7.415,0.029,7.32609,0.000817,7.32896,0.002145,7.34106,0.004704,7.113,0.034,7.31,0.02,7.309,0.017,5.267,0.08,Theia1654,6.165950018614822,Kounkel2020,,,
177010794,3.046410652266441e+18,106.147296850243,-11.2110845380469,0.873664,13.0937,14.565,0.028,13.817,0.114,12.271,0.024,11.957,0.022,11.931,0.024,13.6027,0.000399,14.0072,0.002144,13.0279,0.001404,11.855,0.024,11.866,0.023,11.464,0.213,9.027,,Theia1654,6.165950018614822,Kounkel2020,6376.0,2.04448,1.27
177011105,3.046430615274364e+18,106.217485349104,-11.0619709152912,0.719173,12.7576,14.795,0.015,13.981,0.114,11.497,0.023,11.124,0.023,10.951,0.019,13.4934,0.00031,14.1242,0.001702,12.695,0.001286,10.799,0.023,10.758,0.021,9.955,0.11,7.999,,Theia1654,6.165950018614822,Kounkel2020,5461.0,4.24053,
177125073,3.0462115719455626e+18,106.291054555248,-11.4947536265344,0.846004,14.0008,17.806,0.171,15.485,0.32,12.448,0.024,11.754,0.022,11.522,0.024,14.9477,0.002305,15.9049,0.008552,13.9646,0.006196,11.39,0.022,11.34,0.022,10.683,0.1,8.626,,Theia1654,6.165950018614822,Kounkel2020,4180.0,3.27766,
177009886,3.045838833201154e+18,106.164943603299,-11.5283411561199,0.847544,11.7755,,,12.138,0.08,11.269,0.022,11.151,0.022,11.094,0.021,12.027,0.000267,12.2155,0.001902,11.7008,0.001223,10.923,0.022,10.944,0.021,10.511,0.081,6.163,0.07,Theia1654,6.165950018614822,Kounkel2020,8083.0,2.67797,1.96
177009938,3.045839009301796e+18,106.167171707539,-11.5093008002755,0.869481,12.6095,14.272,0.02,13.371,0.092,11.747,0.023,11.375,0.023,11.239,0.023,13.1882,0.0005,13.6674,0.001705,12.5529,0.000922,11.171,0.022,11.215,0.02,10.773,0.158,5.99,0.054,Theia1654,6.165950018614822,Kounkel2020,5766.0,2.93221,1.03
177010899,3.046417146256955e+18,106.236831090275,-11.1664755641352,0.874102,13.2156,14.154,0.021,13.686,0.115,12.631,0.03,12.46,0.035,12.41,0.034,13.5624,0.00033,13.815,0.001633,13.1464,0.001028,12.249,0.03,12.348,0.034,12.07,,7.641,,Theia1654,6.165950018614822,Kounkel2020,6961.0,1.51663,1.52
177011184,3.046431744851183e+18,106.180411408427,-11.0227987790743,0.878992,11.3818,11.477,0.192,11.557,0.021,11.197,0.026,11.196,0.022,11.204,0.024,11.3851,0.000698,11.3941,0.003431,11.3021,0.001848,11.201,0.025,11.216,0.023,10.049,0.386,7.445,,Theia1654,6.165950018614822,Kounkel2020,10830.0,2.13521,2.81
177125072,3.046211056549457e+18,106.355896603977,-11.4944306403623,0.525661,16.6154,18.484,0.126,17.6622,0.0462,15.377,0.064,15.024,0.086,14.981,0.166,17.3163,0.00116,17.8922,0.008282,16.5351,0.006762,14.618,0.033,14.677,0.066,12.575,,8.791,,Theia1654,6.165950018614822,Kounkel2020,5767.0,0.913689,1.03
177125890,3.045814820046133e+18,106.337963865306,-11.8131739875848,0.881735,14.1755,16.836,0.1,15.271,0.183,12.792,0.025,12.136,0.023,11.953,0.025,14.9789,0.002408,15.7203,0.008267,14.1278,0.006604,11.951,0.024,11.887,0.022,11.485,0.209,8.555,,Theia1654,6.165950018614822,Kounkel2020,4706.0,2.18386,
125123755,3.0460620727218284e+18,105.215414684445,-11.486524533069,0.709945,14.3033,15.887,0.113,15.096,0.172,13.346,0.026,12.969,0.024,12.855,0.029,14.8895,0.000535,15.3645,0.002078,14.2347,0.00168,12.691,0.024,12.632,0.027,10.753,0.11,8.481,0.319,Theia1654,6.165950018614822,Kounkel2020,6093.0,1.62062,1.14
125337190,3.046089281334579e+18,105.542448071916,-11.3225171031307,0.629649,16.3747,19.29,0.185,17.71,0.0477,14.878,0.043,14.352,0.067,14.221,0.066,17.2166,0.001362,17.9333,0.022423,16.2956,0.004565,,,,,,,,,Theia1654,6.165950018614822,Kounkel2020,5637.0,1.06019,1.0
125498105,3.045994109159735e+18,105.726211262574,-11.7102253248461,0.920728,15.3667,17.127,0.141,16.219,0.4,14.428,0.037,14.008,0.058,13.852,0.052,15.978,0.001043,16.4655,0.007428,15.2863,0.008344,13.518,0.034,13.572,0.041,9.867,0.122,6.997,0.19,Theia1654,6.165950018614822,Kounkel2020,5761.0,0.819029,1.03
125499431,3.0460208410361e+18,105.876395276835,-11.5341353541596,0.780606,16.0083,20.158,0.164,18.181,0.049,14.125,0.026,13.2,0.036,12.895,0.029,17.1983,0.003679,18.384,0.014739,16.0432,0.014553,12.819,0.039,12.843,0.055,11.257,,8.03,,Theia1654,6.165950018614822,Kounkel2020,5060.0,1.78054,
125499504,3.04602455188785e+18,105.788640437804,-11.4965100648739,0.778827,11.5385,13.171,0.016,12.551,0.057,10.27,0.026,9.841,0.023,9.589,0.021,12.1685,0.000254,12.6781,0.002809,11.4521,0.001281,9.444,0.023,9.447,0.02,11.843,,8.64,,Theia1654,6.165950018614822,Kounkel2020,6754.0,5.53887,
177009615,3.0458341989384704e+18,106.251393550072,-11.6283173609438,0.868133,14.3721,17.519,0.179,15.548,0.08,12.895,0.023,12.243,0.023,12.029,0.023,15.1947,0.006026,15.9741,0.02408,14.3179,0.015804,12.016,0.024,11.993,0.024,12.55,,9.08,,Theia1654,6.165950018614822,Kounkel2020,4451.0,2.14024,
177124548,3.046218924929432e+18,106.339728458275,-11.2708305602152,0.491242,14.2923,18.666,0.163,16.378,0.172,12.451,0.023,11.664,0.025,11.375,0.023,15.4706,0.001129,16.6775,0.013143,14.3515,0.001607,11.176,0.023,11.178,0.021,10.843,0.138,8.345,,Theia1654,6.165950018614822,Kounkel2020,4876.0,6.17308,
177125144,3.04621040371444e+18,106.362440027395,-11.520834915808,0.831517,11.6955,13.536,0.066,12.507,0.069,10.713,0.02,10.266,0.022,10.196,0.021,12.3229,0.001309,12.8602,0.004746,11.6453,0.003977,10.114,0.023,10.114,0.02,10.101,0.07,8.489,,Theia1654,6.165950018614822,Kounkel2020,5408.0,5.17136,
177127070,3.0458220012312525e+18,106.399067375951,-11.6128711044232,0.879729,13.9269,15.142,0.058,14.722,0.172,13.206,0.029,12.953,0.037,12.815,0.026,14.4047,0.000421,14.7787,0.001991,13.8582,0.00156,12.649,0.022,12.683,0.024,10.881,0.153,8.295,0.468,Theia1654,6.165950018614822,Kounkel2020,6584.0,1.31755,1.37
125644263,3.046028159660628e+18,106.076642201689,-11.4232994865589,1.0512,15.9821,,,17.6221,0.0472,14.389,0.03,13.557,0.035,13.387,0.045,16.9147,0.001865,17.8255,0.013567,15.8496,0.008304,13.307,0.049,13.298,0.057,11.536,,8.522,,Theia1654,6.165950018614822,Kounkel2020,3965.0,1.05183,0.62
125644760,3.046408487602991e+18,106.079712057327,-11.2869719630388,0.889852,11.9213,12.376,0.032,12.209,0.092,11.501,0.024,11.421,0.022,11.356,0.021,12.0995,0.000223,12.2259,0.002001,11.8403,0.00137,11.134,0.025,10.989,0.024,6.903,0.017,5.299,0.048,Theia1654,6.165950018614822,Kounkel2020,8568.0,2.16664,2.14
148302827,3.04575465614516e+18,106.367156509761,-12.0470335096284,0.45296,16.077,17.213,0.118,16.93,0.0461,15.102,0.044,14.782,0.067,14.471,0.101,16.6747,0.000899,17.1475,0.010438,15.9956,0.004328,14.411,0.03,14.496,0.056,12.658,,9.158,,Theia1654,6.165950018614822,Kounkel2020,5954.0,1.13435,1.09
177008878,3.045806023953347e+18,106.157863341538,-11.961348423194,0.709316,14.0368,15.233,0.105,14.909,0.126,13.146,0.028,12.867,0.022,12.672,0.026,14.6092,0.000412,15.0726,0.00296,13.9705,0.001939,12.643,0.024,12.654,0.028,11.991,,8.861,,Theia1654,6.165950018614822,Kounkel2020,6047.0,1.79809,1.12
177009977,3.045839352899157e+18,106.186257419032,-11.4980401274813,0.841782,14.777,16.636,0.136,15.758,0.126,13.779,0.033,13.314,0.041,13.163,0.044,15.4393,0.001759,15.9972,0.007234,14.7101,0.008222,13.032,0.027,13.084,0.032,12.311,,8.721,,Theia1654,6.165950018614822,Kounkel2020,5273.0,1.31897,0.9
177010112,3.045840486770502e+18,106.164012816424,-11.452761517216,0.895726,11.6236,11.575,0.226,11.434,0.019,11.351,0.023,11.331,0.021,11.3,0.026,11.6867,0.000344,11.7438,0.002918,11.5343,0.001081,11.258,0.023,11.272,0.021,11.267,0.172,8.812,,Theia1654,6.165950018614822,Kounkel2020,10730.0,2.05015,2.78
125640457,3.0464264921058683e+18,105.92616019641,-11.1201072176538,0.960024,16.2273,19.533,0.178,17.7141,0.0515,14.801,0.021,14.023,0.035,13.776,0.046,17.1109,0.002297,17.9441,0.035474,16.1251,0.009753,13.666,0.042,13.604,0.048,11.202,,8.747,,Theia1654,6.165950018614822,Kounkel2020,4153.0,0.966111,0.65
125641062,3.0460315269146665e+18,105.919322466179,-11.3920579660968,1.00165,11.5145,11.694,0.254,11.51,0.021,11.018,0.026,10.838,0.024,10.735,0.023,11.7997,0.000575,12.004,0.002161,11.4536,0.001605,10.656,0.024,10.663,0.022,10.148,,8.063,,Theia1654,6.165950018614822,Kounkel2020,7117.0,2.66319,1.58
125641777,3.045831583295948e+18,106.000241851824,-11.6088320302233,0.775937,16.1816,,,17.641,0.0475,14.993,0.036,14.224,0.06,14.064,0.055,17.078,0.003547,17.8812,0.014467,16.1263,0.012901,,,,,,,,,Theia1654,6.165950018614822,Kounkel2020,5153.0,1.07007,0.87
125643805,3.0458373943868805e+18,106.129184157093,-11.5449656222639,0.853209,15.4705,,,16.712,1.133,13.901,0.06,13.137,0.079,12.876,0.059,16.3973,0.001958,17.2871,0.01202,15.4122,0.006312,12.496,0.027,12.316,0.03,10.081,0.063,6.841,0.13,Theia1654,6.165950018614822,Kounkel2020,4361.0,1.54612,
125643878,3.0458381846681364e+18,106.093805269104,-11.527804257633,0.804747,14.6581,17.237,0.055,15.923,0.229,13.238,0.024,12.558,0.024,12.356,0.019,15.5054,0.004205,16.2959,0.014468,14.6048,0.011875,12.348,0.025,12.381,0.025,11.449,,8.906,,Theia1654,6.165950018614822,Kounkel2020,4572.0,2.07161,
125643934,3.045838425186296e+18,106.088366065463,-11.5129830348762,0.929271,15.3799,18.027,0.104,16.78,0.16,14.038,0.035,13.196,0.035,12.827,0.034,16.2276,0.004599,17.0064,0.014399,15.3116,0.012799,12.425,0.026,12.083,0.025,10.032,0.089,7.585,0.232,Theia1654,6.165950018614822,Kounkel2020,4543.0,1.30095,0.72
125644091,3.045840074455065e+18,106.136254551259,-11.4714584081284,0.910086,15.7256,18.965,0.177,16.842,1.133,13.977,0.036,12.98,0.034,12.393,0.029,16.6421,0.024276,17.4877,0.064349,15.5925,0.06321,11.564,0.023,11.109,0.021,9.219,0.032,7.312,0.13,Theia1654,6.165950018614822,Kounkel2020,4091.0,1.36295,0.64
177011009,3.0464182801283133e+18,106.198126809223,-11.1101299455277,0.852968,12.8233,13.488,0.013,13.226,0.115,12.258,0.039,12.104,0.052,11.992,0.044,13.0878,0.000391,13.2843,0.001879,12.7222,0.001215,11.394,0.03,11.316,0.027,7.865,0.031,5.918,0.061,Theia1654,6.165950018614822,Kounkel2020,8743.0,1.68506,2.19
177011189,3.0464317835054694e+18,106.161158362473,-11.0216631209438,0.774409,15.7391,19.012,0.189,17.0694,0.0479,14.437,0.061,13.799,0.067,13.638,0.061,16.5607,0.002994,17.3169,0.019378,15.6527,0.012279,13.4,0.043,13.432,0.053,11.583,,8.171,,Theia1654,6.165950018614822,Kounkel2020,4376.0,1.29377,0.68
177124410,3.046413366686043e+18,106.360518560571,-11.189373025959,0.745975,10.4315,11.616,0.023,11.561,0.069,11.301,0.027,11.321,0.023,11.349,0.024,11.5128,0.000496,11.5323,0.005689,11.4256,0.001021,11.164,0.023,11.198,0.022,9.452,0.177,7.082,0.353,Theia1654,6.165950018614822,Kounkel2020,,,
177128057,3.046413057448396e+18,106.410090515026,-11.2068202014773,0.729738,15.1286,17.695,0.104,16.557,0.286,13.914,0.028,13.19,0.026,13.051,0.035,15.9887,0.001895,16.7808,0.00778,15.0847,0.005399,12.861,0.026,12.856,0.028,11.681,,8.728,,Theia1654,6.165950018614822,Kounkel2020,7279.0,1.57356,1.64
148343897,3.04571376805668e+18,106.307747597851,-12.3518605422647,0.87731,15.2378,,,16.684,0.0478,13.592,0.027,12.679,0.025,12.055,0.023,16.1026,0.00433,16.8837,0.017071,15.0992,0.011749,12.072,0.143,11.365,0.129,8.065,,4.2,0.142,Theia1654,6.165950018614822,Kounkel2020,4136.0,1.62705,
177009579,3.045832687110013e+18,106.225276513059,-11.6434136940762,0.893341,14.3635,17.141,0.098,15.702,0.034,13.06,0.022,12.486,0.022,12.346,0.023,15.1458,0.001592,15.8625,0.007801,14.2979,0.004735,11.989,0.024,12.015,0.024,12.207,0.373,8.868,,Theia1654,6.165950018614822,Kounkel2020,4545.0,1.957,
177010001,3.04583928418108e+18,106.23471153279,-11.4926090915106,0.895261,12.4455,14.11,0.027,13.348,0.08,11.457,0.022,10.846,0.022,10.197,0.021,13.0116,0.001334,13.4723,0.006473,12.3826,0.003009,9.116,0.023,8.419,0.02,7.044,0.016,6.001,0.052,Theia1654,6.165950018614822,Kounkel2020,5726.0,3.02948,1.02
177124314,3.046414496257336e+18,106.326381126323,-11.1355210238486,0.808514,16.0868,19.671,0.177,17.6971,0.0472,14.631,0.039,13.808,0.039,13.749,0.054,17.0149,0.002006,17.9247,0.014361,15.9856,0.007326,13.409,0.034,13.408,0.035,10.433,0.313,7.656,,Theia1654,6.165950018614822,Kounkel2020,4013.0,1.32752,0.63
177128183,3.046414294398975e+18,106.379683484492,-11.1535316872736,0.882534,15.7693,19.265,0.177,17.3629,0.0483,14.276,0.032,13.543,0.035,13.319,0.049,16.7024,0.00424,17.5992,0.019488,15.6923,0.009312,13.272,0.033,13.18,0.033,10.797,,7.396,,Theia1654,6.165950018614822,Kounkel2020,4223.0,1.36037,0.66
177124365,3.0464142600392376e+18,106.369822932876,-11.1662929441366,0.841488,14.72,17.781,0.183,16.541,0.057,13.433,0.026,12.595,0.025,12.111,0.024,15.5378,0.005591,16.2938,0.038105,14.6675,0.008798,11.299,0.024,10.929,0.02,8.852,0.12,6.433,0.223,Theia1654,6.165950018614822,Kounkel2020,4640.0,1.83479,
177127484,3.046200782987612e+18,106.481308294071,-11.4634620819966,0.893332,13.9498,15.334,0.029,14.631,0.137,13.131,0.028,12.836,0.035,12.769,0.034,14.4453,0.000435,14.8323,0.002079,13.8813,0.002837,12.634,0.023,12.575,0.024,12.057,,8.953,,Theia1654,6.165950018614822,Kounkel2020,6251.0,1.32892,1.21
177125202,3.04583516100352e+18,106.300092920977,-11.5452527092763,0.845471,14.6248,15.671,0.116,14.905,0.058,13.225,0.038,12.798,0.042,12.817,0.048,15.3019,0.004606,15.8596,0.017121,14.5343,0.015013,12.201,0.022,12.241,0.025,11.975,0.375,9.019,,Theia1654,6.165950018614822,Kounkel2020,5003.0,,
177125383,3.0458228602247496e+18,106.330002182538,-11.6135199338427,0.717889,10.4443,10.582,0.102,10.538,0.01,10.211,0.023,10.201,0.024,10.225,0.023,10.4596,0.000436,10.5095,0.001155,10.3597,0.000525,10.208,0.022,10.239,0.021,10.345,0.078,8.268,,Theia1654,6.165950018614822,Kounkel2020,14164.0,,
177125533,3.045821348397081e+18,106.3531584658,-11.66954789033,0.517099,15.3579,17.202,0.063,16.269,0.138,14.392,0.03,14.011,0.047,13.811,0.067,15.9995,0.000675,16.5379,0.005055,15.2984,0.002833,13.736,0.027,13.848,0.043,12.37,,8.997,,Theia1654,6.165950018614822,Kounkel2020,5718.0,1.50509,1.02
177125561,3.045821107878122e+18,106.373817812058,-11.6802271053945,0.940732,15.467,17.763,0.0,16.212,0.298,14.279,0.037,13.818,0.031,13.648,0.054,16.2058,0.002166,16.8669,0.007827,15.4152,0.006887,13.536,0.026,13.564,0.037,11.802,0.379,8.592,,Theia1654,6.165950018614822,Kounkel2020,4912.0,1.00642,0.8
148507823,3.044932766910234e+18,106.552269677154,-12.7420468528817,0.79755,12.1729,12.376,0.057,12.33,0.137,11.903,0.032,11.869,0.03,11.846,0.027,12.2283,0.000307,12.2818,0.002098,12.0953,0.00131,11.67,0.023,11.718,0.022,11.145,0.137,8.616,,Theia1654,6.165950018614822,Kounkel2020,10316.0,1.77631,2.66
177124766,3.0462164510283366e+18,106.287250004585,-11.3712939306809,0.901769,12.5638,13.051,0.025,12.8,0.114,12.053,0.028,12.015,0.029,11.929,0.026,12.736,0.00043,12.876,0.00345,12.4729,0.001867,11.805,0.022,11.823,0.022,11.97,0.477,8.516,,Theia1654,6.165950018614822,Kounkel2020,9649.0,1.56911,2.46
177125089,3.046211537585834e+18,106.285901908783,-11.5024573005675,0.837161,11.7596,12.176,0.441,11.948,0.035,11.224,0.024,11.105,0.023,11.021,0.021,12.041,0.000454,12.2591,0.001921,11.6854,0.001042,10.945,0.022,10.972,0.021,10.346,0.067,8.762,,Theia1654,6.165950018614822,Kounkel2020,8073.0,2.84821,1.96
177125696,3.045816434953757e+18,106.360349652472,-11.7350260299759,0.952309,11.7714,11.969,0.023,11.885,0.057,11.469,0.033,11.404,0.037,11.37,0.035,11.8272,0.000192,11.8922,0.001454,11.6814,0.001229,11.057,0.023,11.082,0.021,11.096,0.169,9.079,,Theia1654,6.165950018614822,Kounkel2020,12212.0,,
177128327,3.0464165965014364e+18,106.408219709836,-11.0785686723132,0.830253,13.0421,13.571,0.01,13.26,0.137,12.439,0.027,12.29,0.03,12.205,0.033,13.1669,0.000397,13.3335,0.002461,12.8514,0.001833,11.954,0.024,11.954,0.024,9.575,0.058,7.493,0.166,Theia1654,6.165950018614822,Kounkel2020,,,
177276116,3.046220196239728e+18,106.507797823605,-11.3505955202888,0.846222,15.6881,19.414,0.171,17.395,0.0564,13.967,0.033,13.199,0.032,12.907,0.037,16.6845,0.009373,17.6416,0.036768,15.6612,0.026514,12.815,0.025,12.641,0.026,10.681,0.164,8.036,0.263,Theia1654,6.165950018614822,Kounkel2020,4644.0,1.52028,
177125000,3.046212087341596e+18,106.334539473506,-11.4637072426939,1.0224,15.3684,17.424,0.111,16.62,1.133,14.078,0.035,13.432,0.033,13.204,0.034,16.1933,0.001421,16.9834,0.007861,15.3079,0.003025,12.953,0.028,13.002,0.034,11.849,,8.143,,Theia1654,6.165950018614822,Kounkel2020,4341.0,1.17779,0.68
177125210,3.0462101975560366e+18,106.351313934419,-11.5494009229892,0.864699,12.9946,14.521,0.021,13.689,0.092,12.155,0.023,11.805,0.024,11.716,0.023,13.5365,0.000575,13.9783,0.002709,12.937,0.001993,11.662,0.022,11.662,0.023,11.381,0.17,8.823,,Theia1654,6.165950018614822,Kounkel2020,5924.0,2.31286,1.08
177125657,3.0458196304094715e+18,106.268383658688,-11.7186754836789,0.8734,13.5928,16.041,0.016,14.876,0.004,12.322,0.024,11.692,0.025,11.499,0.025,14.381,0.002113,15.1114,0.007378,13.5433,0.004962,11.383,0.023,11.38,0.02,11.128,0.14,8.657,,Theia1654,6.165950018614822,Kounkel2020,4632.0,2.84715,
751821188,3.04583516100352e+18,106.300092920977,-11.5452527092763,0.845471,14.6248,,,15.6328,0.0473,,,,,,,15.3019,0.004606,15.8596,0.017121,14.5343,0.015013,,,,,,,,,Theia1654,6.165950018614822,Kounkel2020,5003.0,,
148501953,3.044785161766216e+18,106.530495439526,-12.9515577760857,0.801982,9.0791,8.124,0.0,8.25143,0.023,8.381,0.03,8.928,0.066,8.857,0.044,8.96265,0.002794,8.92861,0.012967,8.99389,0.009234,8.417,0.023,8.478,0.019,8.568,0.024,7.241,0.108,Theia1654,6.165950018614822,Kounkel2020,,,
177126011,3.0457674379669504e+18,106.3647185582,-11.8639333413676,0.888272,15.1596,17.093,0.112,16.003,0.263,13.932,0.032,13.345,0.034,13.266,0.046,15.8457,0.002876,16.3356,0.023163,14.9884,0.012756,13.076,0.026,13.107,0.031,12.748,0.539,8.773,,Theia1654,6.165950018614822,Kounkel2020,4913.0,1.1377,0.81
177128009,3.0462253502004644e+18,106.409330110175,-11.2245630179738,0.906247,12.5988,13.353,0.03,12.979,0.103,12.107,0.026,11.856,0.028,11.731,0.023,12.8825,0.000555,13.1024,0.001967,12.5243,0.001953,11.697,0.024,11.698,0.023,11.897,,8.666,,Theia1654,6.165950018614822,Kounkel2020,8068.0,1.79731,1.96
751851298,3.046025891915119e+18,106.000080734812,-11.5089372997001,0.91337,15.5102,,,17.0548,0.0783,,,,,,,16.4157,0.003066,17.2541,0.096496,15.3795,0.003467,,,,,,,,,Theia1654,6.165950018614822,Kounkel2020,4085.0,1.47251,
148508162,3.044926792608628e+18,106.555973020527,-12.8607325655151,0.817988,13.1679,14.643,-0.012,13.838,0.092,12.474,0.027,12.141,0.028,12.102,0.029,13.6419,0.00033,14.0153,0.00176,13.1037,0.001255,11.993,0.023,12.002,0.023,11.49,0.185,9.064,,Theia1654,6.165950018614822,Kounkel2020,6510.0,1.9963,1.34
177127997,3.046225178401757e+18,106.468677055729,-11.2290131693879,0.821033,15.0178,18.248,0.0,16.46,0.035,13.381,0.035,12.703,0.038,12.449,0.033,15.9985,0.00322,16.9194,0.016798,14.9781,0.013903,12.266,0.024,12.201,0.025,11.728,,8.853,,Theia1654,6.165950018614822,Kounkel2020,4749.0,2.05251,
177128094,3.046413190589044e+18,106.420007450476,-11.1911020623055,0.80162,11.9431,13.221,0.021,12.521,0.092,11.193,0.024,10.895,0.024,10.762,0.021,12.3583,0.000211,12.7393,0.001896,11.8153,0.001487,10.735,0.024,10.726,0.02,11.374,,8.382,,Theia1654,6.165950018614822,Kounkel2020,12189.0,,
177276143,3.04621940596574e+18,106.541391417925,-11.3613643008653,0.80116,10.2177,10.378,0.084,10.285,0.008,9.925,0.026,9.917,0.026,9.88,0.023,10.1576,0.001036,10.2225,0.001719,10.0281,0.002435,9.814,0.023,9.816,0.02,9.55,0.053,7.596,0.181,Theia1654,6.165950018614822,Kounkel2020,,,
177125894,3.0458155072409303e+18,106.293420317402,-11.814004667014,0.865019,13.6823,15.763,0.015,14.575,0.069,12.586,0.026,12.01,0.026,11.911,0.028,14.3814,0.002318,14.9989,0.00777,13.6307,0.008026,11.731,0.022,11.793,0.022,11.613,0.29,8.567,,Theia1654,6.165950018614822,Kounkel2020,5018.0,2.30461,
751852409,3.046032076670457e+18,106.006014577402,-11.3921872068628,0.829023,13.5975,,,14.875,0.0472,,,,,,,14.4106,0.001755,15.1251,0.01588,13.5387,0.012293,,,,,,,,,Theia1654,6.165950018614822,Kounkel2020,6602.0,2.62858,1.38
177276576,3.0461992367994184e+18,106.50846508076,-11.5432259931044,0.802943,15.2788,17.793,0.105,16.196,0.16,14.021,0.03,13.626,0.037,13.37,0.057,16.0627,0.00094,16.7557,0.005261,15.2238,0.003777,13.218,0.023,13.228,0.027,12.094,,8.671,,Theia1654,6.165950018614822,Kounkel2020,5143.0,,
177276534,3.0461994773175747e+18,106.514942765419,-11.5269594682275,0.716984,14.528,,,15.338,0.046,13.44,0.035,13.094,0.044,12.94,0.043,15.1809,0.000605,15.7209,0.003159,14.4586,0.001952,,,,,,,,,Theia1654,6.165950018614822,Kounkel2020,6125.0,1.59,1.16
177275649,3.0462277210223544e+18,106.522534149234,-11.125005369777,0.872944,15.2705,17.683,0.0,16.72,0.092,14.05,0.028,13.438,0.033,13.259,0.042,16.0604,0.003109,16.7633,0.011466,15.1963,0.009098,13.119,0.027,13.067,0.03,11.685,,8.204,,Theia1654,6.165950018614822,Kounkel2020,4686.0,1.31536,0.75
177275549,3.046438930331366e+18,106.50800797216,-11.089181392373,0.844145,12.1424,12.697,0.213,12.433,0.092,11.639,0.024,11.579,0.025,11.466,0.026,12.3391,0.000484,12.4864,0.002262,12.0531,0.001608,11.294,0.021,11.389,0.02,11.807,0.355,8.854,,Theia1654,6.165950018614822,Kounkel2020,8944.0,2.11543,2.26
751620150,3.044785161766216e+18,106.530495439526,-12.9515577760857,0.801982,9.0791,,,8.9805,0.0459,,,,,,,8.96265,0.002794,8.92861,0.012967,8.99389,0.009234,,,,,,,,,Theia1654,6.165950018614822,Kounkel2020,,,
125126222,3.0460649589397217e+18,105.371534154496,-11.3585406509813,0.825497,15.207,17.102,0.138,16.318,0.058,14.121,0.032,13.525,0.044,13.515,0.046,15.9001,0.003741,16.488,0.023984,15.1467,0.017564,12.727,0.028,13.239,0.081,8.824,0.04,6.998,0.172,Theia1654,6.165950018614822,Kounkel2020,5897.0,1.09213,1.07
125497322,3.0460380209052856e+18,105.683078409102,-11.3965531183403,0.889779,14.8489,19.131,0.169,16.61,0.297,13.488,0.029,12.781,0.031,12.524,0.032,15.6887,0.003654,16.4861,0.019151,14.756,0.015067,12.462,0.038,12.48,0.043,10.019,,6.738,,Theia1654,6.165950018614822,Kounkel2020,4165.0,1.82132,
125640263,3.046429275244627e+18,105.934681356752,-11.0325792975507,0.851671,13.0321,13.7,0.029,13.303,0.114,12.485,0.024,12.36,0.022,12.268,0.027,13.2395,0.000362,13.4334,0.002062,12.9059,0.000715,12.173,0.024,12.207,0.025,10.476,,8.28,0.454,Theia1654,6.165950018614822,Kounkel2020,13755.0,,
125641223,3.046027330725137e+18,106.016401459206,-11.4360528993043,0.849254,9.9038,10.076,0.078,10.162,0.008,9.758,0.027,9.717,0.035,9.63,0.024,9.88103,0.000859,9.92071,0.001924,9.79859,0.001409,9.528,0.023,9.556,0.019,9.783,0.208,7.367,,Theia1654,6.165950018614822,Kounkel2020,,,
125641348,3.046026372953916e+18,106.012354952872,-11.4778942470222,0.878519,12.9139,13.634,0.017,13.267,0.137,12.44,0.024,12.29,0.024,12.268,0.027,13.1817,0.000446,13.3785,0.001459,12.8413,0.001171,12.2,0.024,12.242,0.026,11.373,,8.568,,Theia1654,6.165950018614822,Kounkel2020,7800.0,1.55401,1.85
125641571,3.046025582680268e+18,106.011829381581,-11.537654530602,0.8274,11.5641,11.898,0.02,11.767,0.057,11.233,0.021,11.169,0.025,11.161,0.025,11.6663,0.000362,11.7565,0.003539,11.4611,0.000667,11.026,0.024,11.108,0.023,9.532,0.268,6.992,0.407,Theia1654,6.165950018614822,Kounkel2020,11470.0,2.32685,3.02
125641871,3.045830625525852e+18,106.007514706452,-11.6460171507435,0.809698,15.7533,19.15,0.178,17.6273,0.1014,14.288,0.03,13.263,0.036,12.532,0.025,16.8053,0.013161,17.9288,0.107514,15.7934,0.052887,11.702,0.026,11.174,0.022,9.762,,7.238,,Theia1654,6.165950018614822,Kounkel2020,4276.0,1.74436,
125644748,3.046409174797999e+18,106.039892653961,-11.2906650065299,1.01714,15.7629,,,18.0994,0.0517,13.646,0.029,12.608,0.026,12.137,0.019,16.9036,0.004704,18.2611,0.015981,15.6727,0.020423,11.46,0.025,11.107,0.022,7.356,0.038,4.486,0.046,Theia1654,6.165950018614822,Kounkel2020,3582.0,1.59626,
125644892,3.0464095871146184e+18,106.034635486377,-11.2526569116938,0.915562,15.7586,19.502,0.174,17.5065,0.0472,14.183,0.039,13.377,0.037,13.172,0.038,16.7475,0.001984,17.7699,0.014959,15.7206,0.004331,13.068,0.083,13.063,0.084,9.172,,6.609,0.193,Theia1654,6.165950018614822,Kounkel2020,4046.0,1.48536,
148301645,3.0457294360973107e+18,106.285049227973,-12.179792372469,0.813723,13.6888,16.146,0.261,14.79,0.103,12.033,0.024,11.232,0.023,10.687,0.019,14.5181,0.019273,15.3105,0.069561,13.6258,0.049519,9.89,0.022,9.45,0.021,7.234,0.02,4.902,0.04,Theia1654,6.165950018614822,Kounkel2020,4337.0,3.19585,
177009455,3.045820661201623e+18,106.230726372554,-11.6916612546998,0.826438,15.8102,18.905,0.181,17.4458,0.0466,14.382,0.03,13.673,0.031,13.489,0.046,16.7543,0.001223,17.6923,0.01109,15.7395,0.004147,13.356,0.026,13.371,0.034,12.069,,9.008,,Theia1654,6.165950018614822,Kounkel2020,4077.0,1.5011,
177009730,3.045834027139782e+18,106.189123809896,-11.5853679884067,0.88462,16.1088,19.433,0.182,17.621,0.0464,14.705,0.044,13.999,0.039,13.846,0.065,17.0014,0.001327,17.8798,0.009613,16.0351,0.004628,13.748,0.028,13.846,0.041,11.942,,8.832,,Theia1654,6.165950018614822,Kounkel2020,4106.0,1.12923,0.64
177125549,3.045821279676845e+18,106.312868039778,-11.674554681832,0.937168,15.2919,18.78,0.0,16.389,1.133,13.71,0.029,13.029,0.032,12.842,0.034,16.1937,0.002032,17.1097,0.007343,15.2364,0.006081,12.705,0.024,12.688,0.027,11.751,0.268,8.586,,Theia1654,6.165950018614822,Kounkel2020,4058.0,1.58357,
177127255,3.0461985152449587e+18,106.401391930095,-11.5415421670499,0.80035,15.8973,19.103,0.183,17.3018,0.0471,14.595,0.036,13.835,0.037,13.653,0.049,16.7566,0.003589,17.5758,0.014058,15.8501,0.009024,13.645,0.026,13.736,0.037,11.999,,8.834,,Theia1654,6.165950018614822,Kounkel2020,4476.0,1.22409,0.7
369517241,2.952599255033906e+18,101.473549355734,-12.476826423758,0.645406,12.4436,13.037,0.043,12.742,0.069,12.063,0.024,11.96,0.022,11.892,0.024,12.6374,0.00036,12.792,0.001392,12.3442,0.000969,11.893,0.023,11.897,0.021,11.993,,9.216,,Theia1769,22.90867652767775,Kounkel2020,9721.0,2.35957,2.48
35231738,2.9521592785841096e+18,101.670529125546,-13.8475181901869,0.680688,12.674,13.319,0.041,12.983,0.103,12.16,0.027,12.071,0.026,11.975,0.024,12.9058,0.000335,13.0798,0.001457,12.5876,0.001271,11.948,0.023,11.955,0.023,11.685,0.241,9.101,,Theia1769,22.90867652767775,Kounkel2020,8571.0,2.14435,2.14
35232884,2.952330905477487e+18,101.695918715565,-13.321815386367,0.278946,16.7221,16.93,0.082,17.0789,0.0459,15.923,0.073,15.81,0.149,15.399,,17.0039,0.00137,17.2202,0.008368,16.6638,0.005547,15.63,0.05,15.644,0.133,12.665,,8.862,,Theia1769,22.90867652767775,Kounkel2020,7539.0,0.788841,1.74
35239175,2.952333031479974e+18,101.790054508259,-13.2589601510645,0.735217,12.2884,12.765,0.499,12.314,0.035,11.965,0.027,11.929,0.026,11.893,0.025,12.402,0.000269,12.4899,0.002166,12.2109,0.001511,11.825,0.023,11.855,0.022,11.238,0.145,8.519,,Theia1769,22.90867652767775,Kounkel2020,9341.0,1.99595,2.37
35289285,2.9473216679340657e+18,101.808013652661,-15.2337783691269,0.697234,14.223,15.878,0.066,14.959,0.023,13.298,0.032,12.996,0.032,12.785,0.034,14.8376,0.000613,15.3083,0.007325,14.1213,0.00852,12.652,0.024,12.653,0.024,11.877,0.272,8.946,,Theia1769,22.90867652767775,Kounkel2020,6212.0,1.76931,1.2
35418032,2.949133869261339e+18,102.05747333556,-14.1367782796893,0.811371,14.3672,14.431,0.035,15.1678,0.0459,11.636,,13.035,0.06,12.944,0.029,14.9355,0.000422,15.3884,0.004043,14.2947,0.00287,,,,,,,,,Theia1769,22.90867652767775,Kounkel2020,5844.0,1.36734,1.05
35232249,2.9521790010733404e+18,101.594894665991,-13.6264432275477,0.740528,14.9026,16.803,0.077,15.626,0.332,13.844,0.023,13.345,0.027,13.284,0.033,15.5723,0.001781,16.1459,0.005319,14.8447,0.003901,13.147,0.025,13.166,0.028,12.428,,8.777,,Theia1769,22.90867652767775,Kounkel2020,5286.0,1.42381,0.91
35290495,2.947257239129932e+18,101.705702845144,-15.8572983945154,0.531668,15.4035,17.611,0.0,16.145,1.133,14.395,0.034,14.061,0.03,13.956,0.049,16.0689,0.000781,16.6345,0.004378,15.3472,0.002236,13.791,0.027,13.849,0.038,12.161,0.291,8.524,,Theia1769,22.90867652767775,Kounkel2020,5652.0,1.49261,1.0
35301426,2.949123870577636e+18,101.925823655392,-14.3425823295663,0.680376,15.3675,17.36,0.053,16.34,0.058,14.396,0.039,14.015,0.033,13.877,0.059,15.9874,0.001289,16.4826,0.009337,15.2846,0.00507,13.761,0.028,13.772,0.035,12.482,,8.261,,Theia1769,22.90867652767775,Kounkel2020,5543.0,1.13524,0.98
35241125,2.949144245901953e+18,101.721723156119,-14.1053671522628,1.34451,15.6542,,,16.803,1.133,14.567,0.035,13.962,0.039,13.739,0.05,16.4306,0.001188,17.1558,0.010204,15.598,0.004816,,,,,,,,,Theia1769,22.90867652767775,Kounkel2020,4502.0,0.729641,0.71
35232274,2.952272356483447e+18,101.674490677203,-13.6160610662525,0.663805,14.4104,15.747,0.015,14.952,0.103,13.63,0.027,13.442,0.036,13.348,0.05,14.9008,0.000396,15.2909,0.003312,14.3507,0.002086,13.253,0.025,13.28,0.033,12.677,,8.25,,Theia1769,22.90867652767775,Kounkel2020,6180.0,1.42637,1.18
35234890,2.9525972621689405e+18,101.679533716292,-12.4617451833353,0.249456,15.8097,17.501,0.049,16.462,0.252,14.881,0.034,14.476,0.045,14.353,0.086,16.411,0.000776,16.9034,0.007527,15.7441,0.003474,14.295,0.027,14.5,0.045,12.212,,8.955,,Theia1769,22.90867652767775,Kounkel2020,5801.0,2.17077,1.04
35238986,2.952336574834208e+18,101.779026599185,-13.1744065377734,0.676692,9.6955,9.68,0.051,9.613,0.005,9.586,0.028,9.588,0.024,9.629,0.024,9.67731,0.000562,9.70633,0.002871,9.62275,0.00165,9.566,0.023,9.602,0.02,9.642,0.052,9.029,,Theia1769,22.90867652767775,Kounkel2020,14180.0,,
35242239,2.949045496014601e+18,101.790133575848,-14.6398737833694,1.4666,11.3366,12.647,0.042,11.976,0.057,10.664,0.028,10.376,0.023,10.289,0.019,11.7982,0.000201,12.165,0.001451,11.2826,0.000964,10.249,0.022,10.276,0.021,10.262,0.064,8.808,,Theia1769,22.90867652767775,Kounkel2020,6063.0,2.61992,1.13
35490664,2.9490672800886057e+18,102.078786348275,-14.5771142783244,0.378819,16.246,17.801,0.056,17.2814,0.0462,15.182,0.043,14.71,0.054,14.671,0.096,16.9408,0.001022,17.5365,0.009551,16.1906,0.00517,14.286,0.029,14.361,0.052,12.094,,9.218,,Theia1769,22.90867652767775,Kounkel2020,5615.0,1.46731,0.99
369516814,2.9525854767790085e+18,101.451789547664,-12.7035177065382,0.393225,14.0817,15.426,0.04,14.77,0.035,13.254,0.027,13.052,0.024,12.951,0.039,14.5702,0.000548,14.9567,0.002771,14.0146,0.001387,12.844,0.025,12.861,0.027,12.001,,9.155,,Theia1769,22.90867652767775,Kounkel2020,6603.0,2.68056,1.38
35166759,2.947515766101104e+18,101.69091352152,-15.0308479588897,0.797196,14.7146,16.639,0.192,15.965,0.435,13.718,0.028,13.385,0.03,13.214,0.032,15.3729,0.000507,15.9357,0.002187,14.6632,0.002218,13.22,0.025,13.207,0.027,12.495,,9.049,,Theia1769,22.90867652767775,Kounkel2020,5769.0,1.3586,1.03
35414696,2.952389145233621e+18,101.950602914882,-12.7506862715002,0.208627,15.7191,17.201,0.011,16.236,0.195,14.945,0.046,14.798,0.055,14.677,0.108,16.1294,0.000913,16.4487,0.005559,15.6458,0.004263,14.691,0.032,14.719,0.059,12.055,,9.01,,Theia1769,22.90867652767775,Kounkel2020,7258.0,1.87067,1.63
35416957,2.9522573069186616e+18,101.950890396267,-13.6659588090502,0.736683,12.2269,12.947,0.017,12.564,0.092,11.69,0.028,11.627,0.026,11.509,0.021,12.4937,0.000234,12.6981,0.001732,12.1428,0.001154,11.481,0.023,11.505,0.022,11.489,0.172,8.613,,Theia1769,22.90867652767775,Kounkel2020,8375.0,2.56069,2.07
369471331,2.9491155555205243e+18,101.558228009827,-14.2994700621445,0.690866,14.1092,15.391,0.066,14.773,0.172,13.442,0.024,13.177,0.026,13.074,0.031,14.5721,0.000409,14.9299,0.003148,14.0416,0.001888,12.996,0.026,12.998,0.028,12.02,,8.809,,Theia1769,22.90867652767775,Kounkel2020,6424.0,1.50171,1.3
35233576,2.9523538921423406e+18,101.621127816452,-13.0407832262639,0.695421,14.1974,15.783,0.061,14.983,0.137,13.366,0.028,13.008,0.029,12.907,0.029,14.7492,0.000709,15.1966,0.003431,14.1357,0.002733,12.805,0.023,12.8,0.026,12.526,,8.396,,Theia1769,22.90867652767775,Kounkel2020,5903.0,1.66686,1.07
35238457,2.9523784593551887e+18,101.721945866294,-12.954347772472,0.644325,15.1937,16.652,0.081,15.787,0.103,14.269,0.049,13.941,0.05,13.838,0.052,15.7723,0.000761,16.2368,0.003578,15.1226,0.005013,13.5,0.024,13.629,0.035,12.168,,8.546,,Theia1769,22.90867652767775,Kounkel2020,5808.0,1.18917,1.04
369469804,2.9475208513424435e+18,101.561063055817,-15.1092420560678,0.741484,14.5268,16.515,0.155,15.596,0.32,13.527,0.024,13.103,0.026,12.999,0.032,15.2082,0.001388,15.7974,0.008202,14.4786,0.00337,12.908,0.025,12.876,0.029,12.556,,9.113,,Theia1769,22.90867652767775,Kounkel2020,5677.0,1.65529,1.01
35232085,2.952177725464575e+18,101.608363819968,-13.6991925493507,0.642891,14.6398,16.398,0.099,15.368,0.092,13.79,0.03,13.415,0.032,13.274,0.032,15.2286,0.001045,15.716,0.004916,14.5814,0.002459,13.23,0.024,13.274,0.028,12.633,,8.745,,Theia1769,22.90867652767775,Kounkel2020,5728.0,1.57039,1.02
35239156,2.952334753768148e+18,101.696296480359,-13.2533080827065,0.719327,14.0711,15.159,0.049,14.629,0.08,13.325,0.04,13.131,0.043,13.011,0.048,14.52,0.000358,14.866,0.001696,14.0043,0.00118,12.971,0.032,12.931,0.034,11.775,,7.883,,Theia1769,22.90867652767775,Kounkel2020,6507.0,1.43805,1.33
35242251,2.9490452898561664e+18,101.810712441981,-14.6470305171644,0.696548,15.4462,17.516,0.048,16.405,1.133,14.221,0.032,13.722,0.032,13.588,0.044,16.2469,0.001774,16.9667,0.006902,15.4039,0.004352,13.378,0.026,13.4,0.033,12.288,0.367,8.227,,Theia1769,22.90867652767775,Kounkel2020,5225.0,1.43062,0.89
35409226,2.952281393095182e+18,101.858028987434,-13.4433348485447,0.653656,13.9909,,,14.504,0.023,13.282,0.026,13.092,0.023,12.937,0.027,14.4229,0.000373,14.751,0.002105,13.9227,0.001555,12.779,0.056,12.779,0.055,11.613,,8.56,,Theia1769,22.90867652767775,Kounkel2020,6511.0,1.59879,1.34
369470005,2.9475312967028803e+18,101.50900919268,-14.9921797431325,0.627852,13.8937,16.015,0.089,14.825,0.08,12.867,0.024,12.462,0.022,12.37,0.027,14.5893,0.000342,15.19,0.002334,13.8425,0.001575,12.243,0.024,12.27,0.024,12.019,,8.996,,Theia1769,22.90867652767775,Kounkel2020,5620.0,2.66124,1.0
35577145,2.952767377233055e+18,102.123749359665,-12.5998724886981,0.695668,15.2912,17.301,0.325,15.984,0.275,14.373,0.032,14.06,0.043,13.849,0.056,15.8982,0.001807,16.4028,0.007044,15.2323,0.005153,13.795,0.025,13.817,0.039,12.416,,8.971,,Theia1769,22.90867652767775,Kounkel2020,5937.0,1.09144,1.08
35301474,2.949124592131649e+18,101.831064740075,-14.3213617413476,0.699726,14.2888,15.741,0.056,14.986,0.092,13.565,0.027,13.307,0.035,13.265,0.041,14.7799,0.000434,15.1621,0.002911,14.2187,0.003088,13.159,0.024,13.204,0.03,12.528,0.482,8.998,,Theia1769,22.90867652767775,Kounkel2020,6355.0,1.42572,1.26
35409743,2.952333482457728e+18,101.9018093122,-13.2158976897633,0.650604,13.6943,14.616,0.03,14.133,0.092,13.165,0.023,13.0,0.023,12.881,0.033,14.0269,0.000411,14.2711,0.001797,13.6317,0.001358,12.882,0.023,12.901,0.025,12.718,0.501,8.374,,Theia1769,22.90867652767775,Kounkel2020,6923.0,1.58542,1.51
35410538,2.952377497282424e+18,101.87359617623,-12.8969407673166,0.244487,16.3411,17.756,0.062,17.2949,0.0462,15.396,0.05,14.947,0.079,14.77,0.119,16.993,0.00113,17.5443,0.011041,16.2828,0.00299,14.766,0.033,14.806,0.069,12.647,,8.993,,Theia1769,22.90867652767775,Kounkel2020,5545.0,1.87646,0.98
35414876,2.952384128711848e+18,101.972009310118,-12.8235711085818,0.67317,13.3326,13.969,0.068,13.595,0.08,12.853,0.028,12.782,0.026,12.747,0.034,13.5554,0.000393,13.7229,0.003451,13.2525,0.001793,12.673,0.024,12.689,0.027,12.178,,8.496,,Theia1769,22.90867652767775,Kounkel2020,8446.0,1.57594,2.1
369514539,2.952166391049983e+18,101.533085234774,-13.8253582780606,0.745341,14.491,16.132,0.143,15.24,0.08,13.737,0.029,13.351,0.032,13.209,0.033,15.0404,0.000458,15.4848,0.002368,14.4278,0.001757,13.208,0.024,13.166,0.03,12.193,,8.42,,Theia1769,22.90867652767775,Kounkel2020,6131.0,1.34267,1.16
35575158,2.9522910825412444e+18,102.169114828176,-13.4101061964391,0.893136,16.1272,17.331,0.067,17.0529,0.046,15.118,0.056,14.602,0.072,14.577,0.111,16.7614,0.001321,17.314,0.008078,16.0762,0.004168,14.123,0.029,14.162,0.044,12.556,,9.002,,Theia1769,22.90867652767775,Kounkel2020,5056.0,0.662711,0.84
35577205,2.952767583391468e+18,102.132058801655,-12.5723747188059,0.508489,15.4461,16.982,0.048,16.377,1.133,14.473,0.032,14.037,0.04,13.991,0.068,16.0874,0.000799,16.6285,0.005123,15.3898,0.002109,13.827,0.026,13.882,0.04,12.681,,8.912,,Theia1769,22.90867652767775,Kounkel2020,5809.0,1.45739,1.04
35238494,2.9523755044176773e+18,101.777570220508,-12.9692678908079,0.640707,15.07,16.77,0.0,16.05,0.115,14.336,0.027,13.921,0.029,13.862,0.044,15.6125,0.000919,16.0498,0.003039,15.0073,0.002995,13.803,0.026,13.796,0.035,12.568,,8.409,,Theia1769,22.90867652767775,Kounkel2020,5922.0,1.19077,1.08
35241436,2.949137751911439e+18,101.763652568181,-14.2501760015133,0.727614,14.4542,16.172,0.047,15.273,0.172,13.721,0.03,13.374,0.026,13.322,0.039,14.9656,0.000488,15.3686,0.002877,14.385,0.00208,13.282,0.044,13.322,0.045,12.153,0.352,8.767,,Theia1769,22.90867652767775,Kounkel2020,6356.0,1.31017,1.26
369470222,2.947534694017635e+18,101.56678087192,-14.8702035391676,0.726144,13.3136,14.254,0.05,13.745,0.114,12.663,0.033,12.541,0.041,12.444,0.032,13.6682,0.000293,13.9437,0.002231,13.2317,0.001082,12.181,0.024,12.2,0.023,11.66,0.206,8.475,,Theia1769,22.90867652767775,Kounkel2020,7876.0,1.76168,1.88
35417776,2.9491479911133256e+18,102.037605835529,-14.0259009062177,0.657428,14.1887,15.556,0.064,14.784,0.103,13.416,0.033,13.215,0.04,13.042,0.041,14.6765,0.000347,15.0581,0.003249,14.1206,0.001374,12.851,0.023,12.848,0.025,11.944,,8.853,,Theia1769,22.90867652767775,Kounkel2020,6398.0,1.57506,1.28
35418482,2.949121602834858e+18,102.031644041376,-14.3318886043264,0.468506,12.2399,15.48,0.0,13.608,0.069,10.796,0.027,10.069,0.024,9.862,0.021,13.1421,0.000377,14.0363,0.001259,12.2154,0.001324,9.744,0.023,9.836,0.02,9.655,0.04,8.643,,Theia1769,22.90867652767775,Kounkel2020,4400.0,11.6178,
35489702,2.94882706685928e+18,102.181045543062,-15.0248461341128,0.465949,16.1696,18.3,0.051,17.2441,0.0461,15.099,0.036,14.5,0.058,14.47,0.079,16.8846,0.001038,17.4886,0.008934,16.1032,0.003931,14.369,0.028,14.449,0.049,12.214,0.385,9.225,,Theia1769,22.90867652767775,Kounkel2020,5704.0,1.28158,1.02
35581547,2.952316783625889e+18,102.220704056592,-13.1095647766994,0.478808,13.8362,15.71,0.045,14.531,0.16,13.037,0.027,12.694,0.024,12.569,0.024,14.3786,0.00034,14.8185,0.001443,13.7762,0.003054,12.546,0.024,12.547,0.026,12.363,0.447,9.192,,Theia1769,22.90867652767775,Kounkel2020,5928.0,2.76924,1.08
35491063,2.949073980237481e+18,102.121741803518,-14.4031586301448,0.525094,15.6742,16.563,0.049,16.349,1.133,14.746,0.034,14.333,0.046,14.305,0.08,16.2985,0.001152,16.8188,0.012673,15.6121,0.008098,14.181,0.048,14.281,0.061,12.618,,8.597,,Theia1769,22.90867652767775,Kounkel2020,5542.0,1.28996,0.98
35491666,2.949131326640678e+18,102.138394468835,-14.1619146717415,0.272002,12.9361,15.501,0.069,14.219,0.16,11.708,0.026,11.105,0.023,10.938,0.022,13.7351,0.000364,14.4781,0.002768,12.9027,0.001516,10.857,0.023,10.889,0.021,10.792,0.097,8.56,,Theia1769,22.90867652767775,Kounkel2020,4837.0,11.3687,
35581566,2.952316714905858e+18,102.228076715705,-13.1199846713145,0.325446,14.3585,15.397,0.092,14.813,0.058,13.726,0.028,13.59,0.023,13.462,0.042,14.7265,0.000446,15.0065,0.001907,14.2907,0.002043,13.451,0.024,13.497,0.031,12.106,,8.402,,Theia1769,22.90867652767775,Kounkel2020,7157.0,2.35067,1.6
35584376,2.949081230142192e+18,102.196346754747,-14.2987695986632,0.726709,14.5447,16.274,0.104,15.449,0.115,13.628,0.031,13.306,0.03,13.182,0.039,15.124,0.000465,15.6013,0.003379,14.4852,0.002235,13.133,0.023,13.246,0.027,12.316,,8.954,,Theia1769,22.90867652767775,Kounkel2020,5690.0,1.44442,1.01
35646271,2.9492252661672274e+18,102.322432758037,-14.098872316543,0.379429,16.1219,17.435,0.056,16.9583,0.0461,15.197,0.043,15.0,0.069,14.609,0.098,16.7103,0.001013,17.2022,0.010388,16.0684,0.003864,14.636,0.036,14.934,0.074,12.582,,8.732,,Theia1769,22.90867652767775,Kounkel2020,5767.0,1.3117,1.03
35711981,2.952746555231613e+18,102.325416662642,-12.7741898435494,0.475413,13.8454,15.758,0.093,14.727,0.114,12.878,0.026,12.505,0.024,12.34,0.026,14.4771,0.000406,15.0095,0.002048,13.7897,0.001477,12.294,0.022,12.314,0.023,12.103,0.346,8.808,,Theia1769,22.90867652767775,Kounkel2020,5741.0,3.20268,1.03
61398070,2.9492662573345183e+18,102.673118539272,-13.6881493837583,0.659807,15.5279,16.706,0.048,16.276,0.172,14.637,0.032,14.187,0.053,14.103,0.061,16.1488,0.00249,16.6828,0.008043,15.477,0.010526,14.022,0.028,14.091,0.044,12.78,,8.854,,Theia1769,22.90867652767775,Kounkel2020,5231.0,1.12302,0.89
35238996,2.9523365748342103e+18,101.780277528245,-13.1791157380455,0.659168,14.4783,14.154,0.046,15.2,0.126,13.656,0.03,13.332,0.023,13.215,0.035,14.9888,0.000742,15.3893,0.003175,14.4093,0.004471,13.064,0.024,12.983,0.026,12.603,,9.032,,Theia1769,22.90867652767775,Kounkel2020,6154.0,1.43347,1.17
369470335,2.947582389633751e+18,101.548816086533,-14.8057329195078,0.636646,14.039,15.285,0.059,14.628,0.206,13.343,0.024,13.113,0.027,13.063,0.034,14.4867,0.000337,14.8341,0.001635,13.9686,0.001728,12.994,0.025,13.046,0.028,12.537,,9.06,,Theia1769,22.90867652767775,Kounkel2020,6817.0,1.63076,1.47
35490030,2.9490234370629074e+18,102.096333535174,-14.8649773231743,0.744393,14.5588,16.661,0.221,15.605,0.057,13.536,0.028,13.035,0.029,12.859,0.032,15.2607,0.001228,15.8661,0.006023,14.5039,0.004393,12.793,0.023,12.781,0.025,11.932,,9.0,,Theia1769,22.90867652767775,Kounkel2020,5438.0,1.70906,0.95
35491308,2.949127959386407e+18,102.110642726188,-14.2981628738857,1.42128,14.6611,16.438,0.078,15.505,0.16,13.829,0.03,13.332,0.03,13.207,0.038,15.259,0.000602,15.763,0.003362,14.6048,0.002059,13.22,0.025,13.223,0.031,12.003,,8.962,,Theia1769,22.90867652767775,Kounkel2020,5312.0,0.756841,0.91
35709249,2.949238803903992e+18,102.338607187582,-13.8773346326182,0.257012,15.3577,16.223,0.051,15.916,0.092,14.646,0.036,14.378,0.048,14.347,0.068,15.7745,0.000792,16.0986,0.005474,15.2912,0.002296,14.324,0.028,14.275,0.04,12.8,,9.012,,Theia1769,22.90867652767775,Kounkel2020,6957.0,1.95567,1.52
61400980,2.9488427391966925e+18,102.590081315299,-14.9241427324746,0.462348,15.9914,17.989,0.057,16.762,0.378,14.851,0.044,14.476,0.045,14.116,0.066,16.743,0.000995,17.4105,0.00836,15.9438,0.006264,14.188,0.029,14.132,0.043,12.194,,8.969,,Theia1769,22.90867652767775,Kounkel2020,5180.0,1.5593,0.88
61495494,2.9492079832193224e+18,102.798450258569,-13.9590501700637,0.95927,15.075,16.759,0.0,15.722,0.195,14.24,0.032,13.798,0.035,13.815,0.055,15.6233,0.000692,16.0706,0.004605,15.0157,0.00234,13.717,0.025,13.881,0.038,12.377,,8.591,,Theia1769,22.90867652767775,Kounkel2020,5666.0,0.828115,1.01
35241167,2.949143489987702e+18,101.768883434086,-14.1232084327723,0.413414,14.3725,16.043,0.074,15.189,0.012,13.494,0.03,13.17,0.027,13.012,0.033,14.938,0.000457,15.3909,0.004036,14.3011,0.001972,12.953,0.024,12.934,0.025,12.499,0.523,8.342,,Theia1769,22.90867652767775,Kounkel2020,6227.0,2.53405,1.2
35582753,2.949259110508317e+18,102.309630059663,-13.6164775563791,0.589443,16.472,17.868,0.066,17.451,0.0461,15.437,0.055,15.024,0.078,14.86,0.116,17.1345,0.001203,17.7134,0.009329,16.4193,0.005723,14.724,0.031,14.918,0.068,11.839,0.239,8.921,,Theia1769,22.90867652767775,Kounkel2020,5051.0,0.887396,0.84
35583494,2.949232717928915e+18,102.30825425207,-13.918245720673,0.268903,16.4953,17.985,0.062,17.4062,0.0461,15.458,0.05,14.969,0.062,15.107,0.15,17.1242,0.001119,17.6577,0.010304,16.4418,0.002904,15.072,0.037,15.154,0.083,12.051,,9.044,,Theia1769,22.90867652767775,Kounkel2020,5553.0,1.58287,0.98
35584549,2.949079473496484e+18,102.24028431763,-14.3618983250283,0.474536,11.9874,14.26,0.055,13.026,0.08,10.843,0.026,10.329,0.024,10.167,0.025,12.7174,0.000298,13.3758,0.002155,11.9438,0.000743,10.071,0.023,10.11,0.019,10.04,0.059,8.544,,Theia1769,22.90867652767775,Kounkel2020,4958.0,9.42844,
35645601,2.9490771756930294e+18,102.386096577202,-14.3840451662712,0.297132,15.6437,16.546,0.055,16.452,0.218,14.829,0.041,14.539,0.052,14.517,0.093,16.1632,0.000682,16.5819,0.005367,15.5841,0.002293,14.496,0.029,14.464,0.054,12.488,,9.021,,Theia1769,22.90867652767775,Kounkel2020,6171.0,1.78268,1.18
35719464,2.949174997869952e+18,102.529031236631,-14.1866193954683,0.716324,14.1487,15.405,0.05,14.696,0.092,13.466,0.03,13.2,0.032,13.115,0.033,14.6003,0.000388,14.9467,0.002217,14.0794,0.00107,13.035,0.028,13.019,0.034,11.942,,9.081,,Theia1769,22.90867652767775,Kounkel2020,6517.0,1.39833,1.34
61351295,2.9526770798420204e+18,102.60096769173,-13.1281165543303,0.70418,15.3377,17.087,0.048,16.067,0.24,14.548,0.032,14.205,0.031,14.031,0.058,15.8922,0.001496,16.3461,0.007667,15.2795,0.003754,14.039,0.032,14.136,0.043,12.142,,8.732,,Theia1769,22.90867652767775,Kounkel2020,5730.0,0.99724,1.02
35165673,2.9472814283851177e+18,101.631477756919,-15.6271672653409,0.455167,11.3045,15.389,0.048,13.315,0.092,9.637,0.027,8.667,0.051,8.385,0.02,12.436,0.000478,13.6605,0.004145,11.3527,0.00124,8.245,0.023,8.332,0.019,8.223,0.022,8.332,0.261,Theia1769,22.90867652767775,Kounkel2020,4173.0,26.8886,
35240384,2.952161821204682e+18,101.785059481233,-13.7629575082011,0.623593,14.9575,16.432,0.0,15.668,0.08,14.123,0.026,13.759,0.029,13.735,0.042,15.4995,0.000916,15.9343,0.004513,14.8925,0.002688,13.669,0.026,13.646,0.035,12.359,,9.114,,Theia1769,22.90867652767775,Kounkel2020,5767.0,1.30339,1.03
35411608,2.952960513323428e+18,101.858405488924,-12.4238789488915,0.744334,13.1689,14.585,0.08,13.852,0.149,12.395,0.024,12.12,0.024,11.995,0.026,13.6678,0.000303,14.0618,0.002114,13.1044,0.001552,11.955,0.023,11.985,0.023,11.959,0.265,9.089,,Theia1769,22.90867652767775,Kounkel2020,6227.0,2.28452,1.2
35416131,2.9522839700754294e+18,102.015582752538,-13.3326951489706,0.700995,11.2567,11.415,0.173,11.171,0.013,10.999,0.026,10.99,0.023,10.962,0.019,11.3095,0.000853,11.3559,0.003908,11.1806,0.001756,10.957,0.022,10.977,0.021,11.049,0.124,8.325,,Theia1769,22.90867652767775,Kounkel2020,10036.0,3.06399,2.57
35576675,2.95237333975392e+18,102.135939796777,-12.8020744137933,0.691049,15.2193,16.423,0.045,16.164,0.263,14.255,0.027,13.789,0.03,13.674,0.047,15.859,0.00086,16.408,0.004816,15.1666,0.002107,13.636,0.026,13.754,0.036,12.09,,8.898,,Theia1769,22.90867652767775,Kounkel2020,5310.0,1.25896,0.91
35583480,2.9492443358209147e+18,102.208289486942,-13.9102412083974,0.616582,15.9771,18.484,0.051,17.2407,0.0474,14.769,0.037,14.192,0.033,14.105,0.071,16.7782,0.00285,17.508,0.010626,15.9249,0.017727,14.0,0.029,14.139,0.045,12.699,,9.1,,Theia1769,22.90867652767775,Kounkel2020,4775.0,1.34461,0.77
35646315,2.949179739513833e+18,102.415726736581,-14.079277947446,0.484371,14.1588,16.781,0.0,15.396,0.114,12.873,0.03,12.244,0.024,12.073,0.023,14.9719,0.000449,15.7403,0.002248,14.1188,0.001442,11.99,0.023,12.06,0.022,12.0,0.27,8.815,,Theia1769,22.90867652767775,Kounkel2020,4588.0,4.0263,
35719248,2.949179086679667e+18,102.497160425968,-14.1052845814072,0.685606,13.5624,14.302,0.05,13.924,0.195,13.024,0.039,12.831,0.043,12.773,0.042,13.8626,0.00051,14.0857,0.001963,13.4896,0.00381,12.515,0.023,12.543,0.025,12.237,0.325,9.112,,Theia1769,22.90867652767775,Kounkel2020,7638.0,1.52981,1.78
61399263,2.949168641319156e+18,102.679792407897,-14.176762312578,0.638029,13.6456,14.476,0.054,13.976,0.114,13.038,0.027,12.904,0.033,12.82,0.029,13.951,0.000322,14.1753,0.001492,13.5728,0.002677,12.76,0.025,12.717,0.027,11.991,,8.413,,Theia1769,22.90867652767775,Kounkel2020,7523.0,1.58732,1.74
61497981,2.952685772855573e+18,102.728070754031,-13.0008758247434,0.429668,15.5331,17.292,0.049,16.212,0.126,14.583,0.032,14.229,0.038,14.055,0.061,16.1303,0.00103,16.6204,0.005352,15.4694,0.001512,14.051,0.029,14.031,0.044,12.662,,9.285,,Theia1769,22.90867652767775,Kounkel2020,5817.0,1.54537,1.05
35717039,2.952297817049661e+18,102.549142442013,-13.2424697926919,0.250723,14.3526,15.849,0.047,14.993,0.069,13.53,0.03,13.219,0.032,13.142,0.03,14.8706,0.000558,15.2802,0.002247,14.2846,0.000885,,,,,,,,,Theia1769,22.90867652767775,Kounkel2020,6248.0,3.7114,1.21
35719138,2.9491800487514225e+18,102.506827907361,-14.0637333310094,0.75231,14.8591,14.685,0.049,15.514,0.024,13.971,0.034,13.627,0.04,13.549,0.054,15.4132,0.000578,15.8617,0.001487,14.7961,0.002118,,,,,,,,,Theia1769,22.90867652767775,Kounkel2020,5878.0,1.14741,1.06
142402263,2.949190184874801e+18,103.033048728207,-14.0868057759022,0.290459,15.7156,16.5,0.113,16.286,0.207,15.058,0.042,14.807,0.064,14.644,0.12,16.1016,0.000712,16.3976,0.005211,15.6489,0.002852,14.796,0.031,14.953,0.066,12.645,,8.806,,Theia1769,22.90867652767775,Kounkel2020,7052.0,1.43063,1.56
35584749,2.9490700975870213e+18,102.238680948032,-14.4465532200754,0.970954,15.5742,17.192,0.05,16.077,1.133,14.623,0.035,14.11,0.032,14.0,0.06,16.2533,0.000822,16.8584,0.007467,15.5273,0.002438,13.959,0.028,14.065,0.041,12.752,,8.62,,Theia1769,22.90867652767775,Kounkel2020,4957.0,0.849187,0.82
61400301,2.948869161835257e+18,102.605241289019,-14.6199682461551,0.70141,15.2014,16.945,0.207,16.196,0.08,14.276,0.03,13.832,0.038,13.697,0.045,15.8339,0.002521,16.3579,0.012136,15.1348,0.016036,13.663,0.025,13.696,0.035,12.357,,8.998,,Theia1769,22.90867652767775,Kounkel2020,5537.0,1.21263,0.97
61401058,2.9488423569412536e+18,102.609187954004,-14.9637529145289,0.845317,15.4857,17.252,0.046,16.509,0.286,14.333,0.029,13.872,0.039,13.705,0.053,16.2228,0.002909,16.869,0.012781,15.426,0.012546,13.608,0.026,13.664,0.034,12.266,,8.937,,Theia1769,22.90867652767775,Kounkel2020,5033.0,1.09085,0.84
61580590,2.9491648273881405e+18,102.814941681083,-14.2086583378828,0.650383,13.3436,13.991,0.044,13.61,0.126,12.89,0.03,12.75,0.027,12.697,0.027,13.5772,0.000278,13.7507,0.001693,13.2727,0.001515,12.637,0.025,12.609,0.026,12.323,0.374,8.767,,Theia1769,22.90867652767775,Kounkel2020,8052.0,1.63164,1.95
142403158,2.9492223112298644e+18,103.000384588368,-13.6953874428271,0.309199,14.8966,16.057,0.022,15.427,0.035,14.278,0.036,14.033,0.038,13.919,0.063,15.301,0.000965,15.6078,0.004449,14.8273,0.002284,13.882,0.028,13.998,0.044,12.73,,9.11,,Theia1769,22.90867652767775,Kounkel2020,6859.0,2.03057,1.49
35711326,2.952318707770559e+18,102.33172199204,-13.0419404167197,0.374306,14.5431,16.056,0.067,15.153,0.126,13.725,0.028,13.478,0.03,13.27,0.033,15.0617,0.000557,15.4745,0.001659,14.4769,0.001707,13.311,0.025,13.291,0.029,12.151,,8.864,,Theia1769,22.90867652767775,Kounkel2020,6323.0,2.38857,1.25
35718811,2.949234165340515e+18,102.510305220044,-13.9285967339843,0.517725,15.7417,17.269,0.052,16.6292,0.046,14.833,0.038,14.349,0.041,14.424,0.087,16.3582,0.00084,16.8779,0.007749,15.6879,0.004214,14.263,0.028,14.221,0.044,12.218,,8.683,,Theia1769,22.90867652767775,Kounkel2020,5667.0,1.22506,1.01
61578967,2.949270238768684e+18,102.870261616314,-13.5967768320402,0.735155,13.668,,,14.6513,0.0463,12.538,0.038,12.066,0.038,11.964,0.034,14.3315,0.000315,14.8779,0.010132,13.5767,0.010227,11.715,0.024,11.765,0.021,11.896,0.225,9.092,,Theia1769,22.90867652767775,Kounkel2020,4937.0,2.6066,
369514514,2.952166287970776e+18,101.516107547714,-13.8381986746125,0.709689,8.9585,9.177,0.0,9.06,0.03,8.782,0.029,8.803,0.034,8.79,0.021,9.01234,0.000557,9.09031,0.002341,8.88099,0.00245,8.755,0.022,8.782,0.019,8.796,0.026,8.984,0.532,Theia1769,22.90867652767775,Kounkel2020,12436.0,,
369515756,2.952342239895127e+18,101.535095097695,-13.2265371092542,0.288415,16.0571,17.642,0.11,16.551,1.133,15.362,,14.732,,14.874,0.132,16.5973,0.001116,17.0366,0.005835,15.9983,0.003527,14.678,0.034,14.754,0.062,12.67,,8.739,,Theia1769,22.90867652767775,Kounkel2020,6080.0,1.55038,1.14
35416949,2.952254455060347e+18,102.031329107193,-13.6635183035987,0.658955,14.882,16.421,0.014,15.659,0.126,14.053,0.034,13.756,0.037,13.623,0.052,15.4348,0.000694,15.8838,0.003816,14.8208,0.002204,13.655,0.027,13.71,0.035,12.463,,9.036,,Theia1769,22.90867652767775,Kounkel2020,5806.0,1.29612,1.04
748177829,2.952748376297822e+18,102.173036145473,-12.8082547148612,0.421954,14.1111,,,14.935,0.0459,,,,,,,14.6925,0.000616,15.1459,0.003514,14.026,0.003046,,,,,,,,,Theia1769,22.90867652767775,Kounkel2020,5752.0,2.95162,1.03
61398632,2.9492356084481746e+18,102.601691834136,-13.8978262578046,0.420334,13.7657,15.079,0.04,14.341,0.114,12.989,0.024,12.781,0.022,12.633,0.027,14.2354,0.001013,14.6002,0.003677,13.7004,0.002372,12.626,0.023,12.64,0.025,12.251,0.418,9.117,,Theia1769,22.90867652767775,Kounkel2020,6266.0,2.85935,1.22
747883840,2.9491807359470525e+18,102.64036370153,-14.1373310294198,0.700932,14.2412,,,14.8925,0.0459,,,,,,,14.7216,0.000454,15.0773,0.005303,14.156,0.002026,,,,,,,,,Theia1769,22.90867652767775,Kounkel2020,6289.0,1.43533,1.23
35574166,2.9492489400258493e+18,102.122018056351,-13.8184562083447,0.722223,13.8692,14.366,0.058,14.275,0.195,13.206,0.032,12.894,0.048,12.782,0.043,14.2919,0.000485,14.6135,0.002763,13.7998,0.001988,12.448,0.024,12.466,0.025,12.229,0.368,9.01,,Theia1769,22.90867652767775,Kounkel2020,6715.0,1.50903,1.43
142524718,2.9495813017766456e+18,103.301823180437,-13.7319297327738,0.81789,14.4856,15.81,0.127,15.091,0.08,13.741,0.024,13.46,0.028,13.349,0.048,14.9533,0.000418,15.3135,0.003087,14.419,0.001417,13.237,0.024,13.275,0.028,12.408,0.456,8.959,,Theia1769,22.90867652767775,Kounkel2020,6058.0,1.09707,1.13
142669409,2.949692077571509e+18,103.452026950818,-13.0165223120548,0.323926,16.4167,18.024,0.126,17.5844,0.0463,15.269,0.062,14.863,0.053,14.828,0.114,17.1772,0.001093,17.8748,0.01094,16.3946,0.005664,14.669,0.033,14.813,0.063,12.79,,9.098,,Theia1769,22.90867652767775,Kounkel2020,5348.0,1.76167,0.92
61398311,2.949260519258325e+18,102.663247411645,-13.7800738223623,0.695285,15.57,17.3,0.011,16.359,0.115,14.648,0.039,14.241,0.052,14.212,0.075,16.1619,0.000851,16.6625,0.004682,15.5168,0.004976,14.137,0.029,14.16,0.046,12.597,,9.244,,Theia1769,22.90867652767775,Kounkel2020,5340.0,0.993177,0.92
61504216,2.949271136416975e+18,102.92142208814,-13.5564295559105,0.49297,16.0629,16.719,0.058,16.468,1.133,15.162,0.045,14.873,0.068,14.668,0.098,16.6084,0.0009869999,17.047,0.007318,15.9983,0.005076,14.65,0.037,14.736,0.065,11.792,,8.642,,Theia1769,22.90867652767775,Kounkel2020,5756.0,0.996727,1.03
61579711,2.9492102166021924e+18,102.866370909809,-13.8777255922329,1.27383,14.0491,15.401,0.041,14.549,0.103,13.381,0.024,13.041,0.026,12.952,0.034,14.5121,0.000406,14.8726,0.002382,13.9872,0.001628,12.967,0.024,12.987,0.027,12.575,,9.0,,Theia1769,22.90867652767775,Kounkel2020,6121.0,0.861579,1.16
142613382,2.947996007866459e+18,103.473573453044,-15.5703001602964,0.797413,13.7249,15.229,0.066,14.489,0.126,12.895,0.024,12.654,0.032,12.519,0.026,14.2326,0.000316,14.6347,0.00213,13.6536,0.001296,12.486,0.024,12.457,0.024,12.489,0.502,8.221,,Theia1769,22.90867652767775,Kounkel2020,6642.0,1.65904,1.4
142525440,2.9496082398111933e+18,103.221333701583,-13.4174509195082,0.706692,15.3791,16.989,0.23,15.989,0.401,14.461,0.029,14.077,0.037,13.987,0.063,15.9593,0.000913,16.4278,0.006303,15.3065,0.003516,13.938,0.026,14.117,0.041,12.699,,8.533,,Theia1769,22.90867652767775,Kounkel2020,5402.0,1.04625,0.94
148346352,3.0447754680204134e+18,106.339591954101,-13.1757263421438,0.344311,16.0006,17.578,0.116,16.8071,0.0461,15.089,0.036,14.698,0.062,14.781,0.125,16.5705,0.000885,17.0359,0.011493,15.931,0.002902,14.483,0.032,14.526,0.054,12.498,0.459,8.955,,Theia2051,56.23413251903491,Kounkel2020,6667.0,1.41654,1.41
148502593,3.0449324276056755e+18,106.44408064063,-12.7264172919612,0.353132,14.6076,15.665,0.113,15.153,0.126,13.839,0.032,13.73,0.052,13.623,0.046,14.9815,0.00063,15.2677,0.003265,14.5128,0.003427,,,,,,,,,Theia2051,56.23413251903491,Kounkel2020,8003.0,1.98428,1.93
148500740,3.044755401931441e+18,106.490603895247,-13.3798412037894,0.330469,16.4183,17.488,0.124,17.2568,0.0461,15.526,0.059,15.263,0.107,15.287,0.187,17.0078,0.001022,17.4971,0.009265,16.3608,0.004694,15.026,0.034,15.237,0.083,12.496,,8.98,,Theia2051,56.23413251903491,Kounkel2020,6111.0,1.27294,1.15
148502040,3.044832372046733e+18,106.492234552331,-12.9220864256291,0.398044,15.5464,16.706,0.112,16.426,1.133,14.637,0.024,14.431,0.042,14.345,0.088,16.0793,0.00086,16.5083,0.009714,15.4745,0.003562,14.12,0.03,14.136,0.047,11.978,,8.601,,Theia2051,56.23413251903491,Kounkel2020,6784.0,1.45045,1.46
148500939,3.0447581206524493e+18,106.478441702023,-13.3222027229669,0.350271,11.9827,15.525,0.046,13.643,0.069,10.381,0.024,9.538,0.023,9.295,0.021,12.9886,0.000816,14.0382,0.002752,11.9854,0.001389,9.164,0.023,9.272,0.02,9.132,0.032,9.044,0.498,Theia2051,56.23413251903491,Kounkel2020,4213.0,20.7042,
148503143,3.0449509131438515e+18,106.416124640572,-12.5565523695755,0.360119,10.4233,10.804,0.118,10.688,0.01,10.021,0.026,9.989,0.022,9.936,0.021,10.5818,0.000556,10.7129,0.001893,10.3358,0.001466,9.865,0.023,9.882,0.021,9.992,0.056,8.92,,Theia2051,56.23413251903491,Kounkel2020,9694.0,9.84735,
148501873,3.0448317836310083e+18,106.439002955575,-12.9758147839578,0.362372,13.3581,14.183,0.034,13.75,0.057,12.649,0.028,12.514,0.035,12.456,0.033,13.6637,0.000332,13.8801,0.005082,13.2361,0.004891,12.25,0.023,12.284,0.024,12.59,0.433,9.089,,Theia2051,56.23413251903491,Kounkel2020,8746.0,3.15011,2.19
148346325,3.0447754680204605e+18,106.338525516629,-13.1675540039776,0.23788,15.3622,16.61,0.113,16.14,0.058,14.517,0.03,14.273,0.044,14.045,0.06,15.8703,0.000751,16.2817,0.004178,15.2852,0.002432,14.079,0.028,14.177,0.048,11.776,0.278,8.348,,Theia2051,56.23413251903491,Kounkel2020,7249.0,2.36257,1.63
148510267,3.044538493206136e+18,106.548913181051,-13.6065849515443,0.371359,16.1937,17.918,0.119,17.0704,0.0461,15.198,0.047,15.009,0.079,14.552,0.098,16.8043,0.000954,17.3164,0.010923,16.1382,0.005311,,,,,,,,,Theia2051,56.23413251903491,Kounkel2020,6110.0,1.31047,1.15
147911088,2.9482299676246067e+18,105.647676911386,-14.9970751591322,0.711061,15.6275,18.302,0.104,16.354,1.133,14.477,0.03,14.02,0.029,13.853,0.049,16.334,0.001329,16.9506,0.007388,15.5726,0.003974,13.818,0.027,13.837,0.038,12.275,,8.461,,Theia2063,57.54399373371567,Kounkel2020,5152.0,1.13973,0.87
148036731,2.936169665099681e+18,105.846116200913,-15.4900486587245,0.709778,14.7606,16.485,0.114,15.402,0.115,13.959,0.03,13.622,0.025,13.588,0.039,15.2862,0.000384,15.7034,0.00254,14.6946,0.001353,13.433,0.025,13.441,0.03,12.406,,8.611,,Theia2063,57.54399373371567,Kounkel2020,5901.0,1.21819,1.07
147913398,2.93615375654118e+18,105.629942090025,-15.8323539109206,0.724337,16.3062,18.814,0.105,17.7201,0.0463,14.91,0.036,14.198,0.036,14.164,0.063,17.1753,0.001516,17.9961,0.009272,16.2711,0.005317,13.966,0.026,14.043,0.035,12.623,,9.11,,Theia2063,57.54399373371567,Kounkel2020,4677.0,1.10868,0.75
148108989,2.9361458538011494e+18,105.944352796941,-15.7983450714219,0.347726,15.6656,17.419,0.118,16.463,1.133,14.694,0.044,14.34,0.029,14.255,0.061,16.2788,0.000634,16.7871,0.004091,15.6042,0.002601,14.154,0.028,14.196,0.051,12.678,,8.996,,Theia2063,57.54399373371567,Kounkel2020,6021.0,1.77952,1.11
148353798,2.9361184690891453e+18,106.356366853182,-15.8352510686691,0.689612,13.3972,14.546,0.05,13.943,0.08,12.692,0.024,12.386,0.023,12.31,0.023,13.7941,0.000519,14.0934,0.001684,13.3319,0.002733,12.304,0.023,12.281,0.024,12.607,0.452,8.844,,Theia2063,57.54399373371567,Kounkel2020,6667.0,1.89131,1.41
147911955,2.948185918438947e+18,105.601722154314,-15.293267179412,0.742928,13.4682,14.482,0.017,13.933,0.137,12.784,0.023,12.643,0.026,12.544,0.024,13.8162,0.000171,14.0819,0.000949,13.3917,0.00078,12.462,0.023,12.507,0.024,11.859,0.284,8.679,,Theia2063,57.54399373371567,Kounkel2020,7615.0,1.58482,1.77
148037162,2.936162930591041e+18,105.887371897537,-15.6402478502946,0.672978,13.4959,14.436,0.033,13.903,0.069,12.926,0.026,12.779,0.025,12.745,0.03,13.8112,0.000199,14.0475,0.001056,13.4214,0.000724,12.684,0.024,12.673,0.026,12.581,0.484,9.146,,Theia2063,57.54399373371567,Kounkel2020,7638.0,1.64299,1.78
147960325,2.9481861202986404e+18,105.674643588813,-15.2837757950013,1.03098,10.329,13.001,0.024,11.55,0.046,9.173,0.026,8.462,0.051,8.321,0.021,11.1196,0.000947,11.8876,0.001222,10.3016,0.000714,8.197,0.024,8.273,0.02,8.162,0.021,8.17,0.247,Theia2063,57.54399373371567,Kounkel2020,4503.0,11.1028,
147960763,2.9482250155237023e+18,105.699461904405,-15.1218515297502,0.891729,15.7747,17.537,0.114,16.552,1.133,14.707,0.033,14.159,0.037,13.898,0.052,16.4773,0.000508,17.0932,0.004467,15.7185,0.001859,13.935,0.029,13.97,0.042,12.521,,8.806,,Theia2063,57.54399373371567,Kounkel2020,5029.0,0.863295,0.84
148110347,2.936196774934185e+18,105.958096389883,-15.3101867645386,0.739595,14.8532,,,15.697,0.126,13.977,0.03,13.609,0.035,13.428,0.041,15.4264,0.000779,15.8863,0.002807,14.7817,0.004068,,,,,,,,,Theia2063,57.54399373371567,Kounkel2020,5606.0,1.23138,0.99
148110637,2.948208179251596e+18,105.928492478257,-15.2058690149174,0.705825,16.5032,18.579,0.123,17.5367,0.0459,15.503,0.058,15.002,0.068,15.018,0.129,17.1943,0.000666,17.8065,0.004632,16.4567,0.002448,14.898,0.054,15.359,0.11,11.944,,8.254,,Theia2063,57.54399373371567,Kounkel2020,5086.0,0.758731,0.85
148109982,2.9361906589008445e+18,105.965928632258,-15.4354607042526,0.738751,13.6427,14.262,0.038,14.078,0.069,13.078,0.049,12.905,0.072,12.838,0.057,13.9856,0.000239,14.2417,0.001104,13.5711,0.000668,12.665,0.039,12.698,0.042,11.544,,8.741,,Theia2063,57.54399373371567,Kounkel2020,7313.0,1.45672,1.65
148236949,2.936179560705269e+18,106.141321784695,-15.4527893662718,0.75758,13.7923,14.703,0.029,14.239,0.126,13.203,0.037,12.973,0.049,12.928,0.043,14.1727,0.000355,14.4537,0.001949,13.7234,0.001244,12.506,0.024,12.559,0.025,12.454,0.468,9.041,,Theia2063,57.54399373371567,Kounkel2020,6741.0,1.4051,1.44
148293560,2.9483103006928174e+18,106.213931384825,-15.0330081668341,0.753279,14.5407,16.251,0.082,15.176,0.057,13.661,0.024,13.388,0.024,13.237,0.033,15.0764,0.00025,15.5056,0.001327,14.4758,0.001023,,,,,,,,,Theia2063,57.54399373371567,Kounkel2020,6124.0,1.27118,1.16
148352601,2.936183408996263e+18,106.363074865183,-15.4170320250344,0.761713,15.2349,16.397,0.113,16.172,0.092,14.38,0.029,14.041,0.039,13.965,0.06,15.7928,0.000421,16.2489,0.004112,15.1749,0.002019,13.879,0.029,14.059,0.043,12.761,,8.789,,Theia2063,57.54399373371567,Kounkel2020,5638.0,0.977592,1.0
148353101,2.936126681066474e+18,106.383230199536,-15.6001190319337,0.72384,14.1024,15.529,0.113,14.783,0.115,13.325,0.026,13.017,0.025,12.982,0.035,14.6119,0.000337,15.0175,0.001786,14.0397,0.000991,12.906,0.025,12.939,0.027,12.291,,8.84,,Theia2063,57.54399373371567,Kounkel2020,6144.0,1.55577,1.17
148237523,2.9361490148969155e+18,106.082701931031,-15.652270188484,0.720745,15.2824,17.518,0.114,16.314,0.149,14.21,0.041,13.653,0.047,13.61,0.051,15.9663,0.001532,16.5579,0.004955,15.2257,0.004227,13.268,0.025,13.29,0.031,12.189,0.33,8.463,,Theia2063,57.54399373371567,Kounkel2020,5184.0,1.26565,0.88
148290903,2.936080772155612e+18,106.262969387342,-15.9663171693107,0.734987,14.779,16.101,0.109,15.266,0.172,14.034,0.043,13.63,0.048,13.629,0.054,15.2757,0.001107,15.6638,0.004201,14.7118,0.002277,13.313,0.024,13.368,0.032,12.452,,8.544,,Theia2063,57.54399373371567,Kounkel2020,6074.0,1.10828,1.14
148290921,2.9360923213274644e+18,106.181748232373,-15.9603644215824,0.65814,14.3911,15.773,0.031,14.93,0.069,13.69,0.032,13.387,0.025,13.377,0.034,14.8608,0.000373,15.2274,0.001353,14.3268,0.001172,13.221,0.024,13.296,0.028,12.155,,8.965,,Theia2063,57.54399373371567,Kounkel2020,6336.0,1.40261,1.25
148293323,2.936206086423063e+18,106.170705378604,-15.1180870987091,0.963027,13.5403,14.839,0.032,14.142,0.16,12.858,0.027,12.636,0.025,12.549,0.029,13.9772,0.000169,14.3126,0.001166,13.4739,0.00052,12.452,0.023,12.463,0.025,12.498,,8.925,,Theia2063,57.54399373371567,Kounkel2020,6548.0,1.35973,1.35
148351558,2.936300988020059e+18,106.354888859868,-15.0532555806188,0.776123,16.2992,17.496,0.119,17.4684,0.0466,14.905,0.045,14.467,0.048,14.202,0.076,17.0533,0.00215,17.7003,0.013326,16.205,0.007904,14.143,0.03,14.327,0.054,12.632,,8.817,,Theia2063,57.54399373371567,Kounkel2020,4699.0,0.876166,0.75
148353230,2.9361256846340864e+18,106.370126488871,-15.6414755780047,0.721802,13.1308,13.766,0.036,13.379,0.114,12.685,0.027,12.617,0.029,12.556,0.027,13.3458,0.000256,13.5053,0.001058,13.0628,0.001263,12.451,0.038,12.48,0.038,11.908,,8.521,,Theia2063,57.54399373371567,Kounkel2020,8090.0,1.58638,1.97
148237251,2.9361761934509844e+18,106.144967725326,-15.5565328610125,0.687885,14.1148,15.427,0.031,14.613,0.126,13.442,0.026,13.18,0.025,13.18,0.041,14.5567,0.000273,14.8945,0.001451,14.0489,0.000925,13.041,0.025,13.068,0.031,12.763,,9.032,,Theia2063,57.54399373371567,Kounkel2020,6356.0,1.4628,1.26
148291382,2.9360989183971185e+18,106.181211011718,-15.8025979157805,0.72778,14.1572,15.629,0.06,14.851,0.149,13.456,0.024,13.119,0.027,13.037,0.031,14.6553,0.000517,15.0502,0.002291,14.0954,0.0019,12.943,0.024,12.964,0.028,11.983,,9.029,,Theia2063,57.54399373371567,Kounkel2020,6073.0,1.49014,1.14
148292063,2.9361747503421573e+18,106.20716718215,-15.5509130250833,0.314869,15.7498,16.778,0.113,16.493,1.133,14.873,0.03,14.435,0.041,14.353,0.079,16.3287,0.000549,16.8009,0.004804,15.6857,0.0021,14.345,0.032,14.429,0.052,12.552,,8.904,,Theia2063,57.54399373371567,Kounkel2020,6082.0,1.77194,1.14
147960002,2.9481806613992305e+18,105.786688199054,-15.3958114174768,0.712282,13.2083,,,13.561,0.103,12.72,0.024,12.589,0.025,12.599,0.03,13.4299,0.000185,13.5985,0.000811,13.1267,0.000669,12.506,0.043,12.508,0.042,11.87,,9.091,,Theia2063,57.54399373371567,Kounkel2020,8569.0,1.57871,2.14
148237653,2.936171108209922e+18,106.160247408005,-15.699680236691,0.700849,16.0837,18.991,0.186,17.5895,0.0466,14.57,0.046,13.884,0.039,13.729,0.056,16.978,0.001519,17.8638,0.01176,16.0317,0.004618,13.561,0.026,13.682,0.034,12.773,,8.811,,Theia2063,57.54399373371567,Kounkel2020,4208.0,1.40063,0.66
148292146,2.936175231378481e+18,106.230598273744,-15.5196229689552,0.699638,15.8758,17.868,0.116,16.568,1.133,14.856,0.041,14.205,0.053,14.042,0.055,16.6117,0.002394,17.2803,0.010176,15.8244,0.007681,13.942,0.029,13.982,0.04,12.776,,8.679,,Theia2063,57.54399373371567,Kounkel2020,4743.0,1.13548,0.76
148353327,2.936125169238039e+18,106.342021042302,-15.6703658665427,1.17423,14.9444,17.514,0.0,16.09,0.297,13.84,0.024,13.288,0.036,13.185,0.03,15.6812,0.000479,16.3656,0.004193,14.891,0.001527,13.135,0.025,13.159,0.027,11.994,,9.063,,Theia2063,57.54399373371567,Kounkel2020,4544.0,1.07475,0.72
148451799,2.9361192593630705e+18,106.40887937492,-15.7724606683587,0.722236,14.5615,16.035,0.07,15.057,0.069,13.867,0.029,13.58,0.025,13.496,0.045,15.0355,0.000654,15.4049,0.004642,14.495,0.001752,13.425,0.026,13.464,0.034,12.4,,8.524,,Theia2063,57.54399373371567,Kounkel2020,6391.0,1.18901,1.28
148352268,2.9361882193591337e+18,106.364973847492,-15.2944705060092,0.743867,13.9136,14.694,0.108,14.545,0.115,13.291,0.027,13.075,0.024,12.973,0.034,14.3197,0.000257,14.6254,0.001016,13.847,0.000871,12.856,0.024,12.873,0.027,12.499,,9.2,,Theia2063,57.54399373371567,Kounkel2020,6590.0,1.40612,1.37
148452796,2.9361357863970053e+18,106.503136451772,-15.4233196700434,0.791675,13.3528,14.147,0.052,13.698,0.092,12.893,0.027,12.742,0.031,12.694,0.027,13.6293,0.000269,13.829,0.00126,13.2878,0.000776,12.604,0.023,12.592,0.026,11.861,,8.96,,Theia2063,57.54399373371567,Kounkel2020,7389.0,1.41557,1.68
148451818,2.936108882722048e+18,106.484921364254,-15.763887270934,0.723354,14.9846,16.58,0.0,15.73,0.024,14.227,0.032,13.914,0.039,13.873,0.06,15.512,0.000844,15.9404,0.003252,14.9278,0.002491,13.816,0.027,13.863,0.036,12.838,,9.055,,Theia2063,57.54399373371567,Kounkel2020,5987.0,1.0745,1.1
148293937,2.9483138053859973e+18,106.250192272889,-14.9008356299594,1.26665,13.1856,14.287,0.066,13.687,0.103,12.623,0.026,12.368,0.024,12.318,0.029,13.5736,0.000221,13.8636,0.000939,13.1248,0.000625,12.311,0.024,12.309,0.024,12.342,0.375,9.071,,Theia2063,57.54399373371567,Kounkel2020,6371.0,1.14639,1.27
148353882,2.9360949326674555e+18,106.296884449555,-15.8677153739391,0.678376,14.6904,16.104,0.013,15.419,0.069,13.93,0.03,13.617,0.031,13.571,0.049,15.1957,0.000766,15.5966,0.003047,14.628,0.002089,13.45,0.025,13.422,0.029,12.464,,8.858,,Theia2063,57.54399373371567,Kounkel2020,5978.0,1.26925,1.1
148451467,2.936102801048597e+18,106.509048181174,-15.8946320746217,0.738671,15.0172,15.583,0.108,15.836,0.149,14.247,0.03,13.837,0.027,13.743,0.058,15.5388,0.001532,15.952,0.005539,14.9509,0.003387,13.728,0.029,13.829,0.038,12.586,,9.071,,Theia2063,57.54399373371567,Kounkel2020,5844.0,1.03847,1.05
148352363,2.936187291646564e+18,106.388201215462,-15.3293486217799,0.723825,14.6,16.127,0.044,15.229,0.013,13.843,0.027,13.504,0.034,13.495,0.043,15.0937,0.0008,15.4774,0.003326,14.5316,0.002305,13.405,0.025,13.444,0.034,12.715,0.513,8.786,,Theia2063,57.54399373371567,Kounkel2020,5946.0,1.22302,1.09
148452118,2.936122592257623e+18,106.425796396583,-15.659727347252,0.78413,14.3252,15.729,0.0,14.953,0.115,13.591,0.027,13.318,0.022,13.223,0.044,14.7977,0.000476,15.1624,0.002275,14.2573,0.001225,13.226,0.025,13.251,0.03,12.049,,8.709,,Theia2063,57.54399373371567,Kounkel2020,6239.0,1.22813,1.21
148579941,2.936128089815688e+18,106.567143502063,-15.6168629912388,0.678255,14.2536,16.001,0.087,15.126,0.137,13.323,0.027,12.921,0.023,12.755,0.03,14.8304,0.000738,15.3022,0.003266,14.1912,0.002165,12.708,0.024,12.735,0.027,12.254,0.35,8.905,,Theia2063,57.54399373371567,Kounkel2020,5701.0,1.75768,1.02
148455042,2.94834940207604e+18,106.476967809928,-14.6697133546799,0.688328,15.6021,16.958,0.116,16.423,1.133,14.585,0.037,14.076,0.045,14.047,0.068,16.2445,0.000564,16.7957,0.003074,15.5477,0.001689,13.89,0.027,13.985,0.046,12.186,0.372,9.211,,Theia2063,57.54399373371567,Kounkel2020,5256.0,1.07498,0.9
148579950,2.9361280898156964e+18,106.550603817493,-15.6205261455972,0.58673,16.4919,18.093,0.128,17.3838,0.046,15.517,0.064,15.055,0.075,14.833,0.12,17.1106,0.001147,17.6263,0.00768,16.4312,0.00328,14.709,0.034,14.976,0.083,12.624,,8.908,,Theia2063,57.54399373371567,Kounkel2020,5584.0,0.787484,0.99
124807189,3.049087585125384e+18,104.898332186797,-11.2169461718303,0.807857,12.6429,13.282,0.053,12.968,0.08,12.174,0.024,11.977,0.022,11.908,0.026,12.8711,0.000417,13.0473,0.001863,12.5527,0.001955,11.789,0.023,11.818,0.023,11.143,0.15,8.698,,Theia2233,77.62471166286912,Kounkel2020,8901.0,1.83648,2.24
124807364,3.049088409759058e+18,104.927690330925,-11.1573870948636,0.912466,9.7459,,,9.69,0.03,9.748,0.021,9.793,0.022,9.812,0.021,9.6675,0.000582,9.65613,0.002331,9.6887,0.001069,9.762,0.022,9.802,0.02,9.879,0.063,8.448,,Theia2233,77.62471166286912,Kounkel2020,14591.0,,
123833662,2.9529488653711887e+18,103.379921651656,-11.554546692094,0.538439,14.5146,16.748,0.179,15.498,0.172,13.4,0.026,13.064,0.026,12.842,0.032,15.2617,0.000519,15.9241,0.002387,14.4661,0.002196,12.783,0.024,12.777,0.025,12.193,,9.056,,Theia2266,79.43282347242821,Kounkel2020,6740.0,2.37008,1.44
148504742,3.0457551328819543e+18,106.4630051106,-12.0652759479412,0.681377,16.518,18.47,0.125,17.5557,0.046,15.444,0.062,14.873,0.074,14.701,0.128,17.2115,0.001113,17.8171,0.007037,16.4635,0.003681,14.566,0.032,14.245,0.048,11.925,0.26,8.699,,Theia2289,83.17637711026708,Kounkel2020,5110.0,0.781156,0.86
148503684,3.04496056393377e+18,106.518918444056,-12.3921258372847,0.58327,15.5436,15.857,0.107,16.555,1.133,14.679,0.033,14.176,0.047,14.316,0.081,16.1464,0.001045,16.6477,0.004794,15.4842,0.002491,13.991,0.07,14.224,0.093,12.12,,8.555,,Theia2289,83.17637711026708,Kounkel2020,5599.0,1.17661,0.99
148504196,3.0457365142033546e+18,106.506817497203,-12.2421467880719,0.656739,13.2607,13.851,0.055,13.49,0.069,12.76,0.026,12.678,0.023,12.614,0.027,13.4657,0.000346,13.6183,0.001531,13.182,0.001083,12.617,0.024,12.62,0.026,12.503,,8.572,,Theia2289,83.17637711026708,Kounkel2020,8486.0,1.62624,2.11
148302538,3.0457602224219525e+18,106.380406233501,-11.940772512047,0.701135,14.2834,15.586,0.031,14.975,0.263,13.443,0.028,13.239,0.039,13.113,0.037,14.7897,0.000435,15.189,0.002287,14.2123,0.001853,12.894,0.023,12.93,0.025,12.317,,8.666,,Theia2289,83.17637711026708,Kounkel2020,6563.0,1.45109,1.36
148303331,3.045717444548609e+18,106.344207131791,-12.2060544487729,0.470751,12.7384,13.477,0.042,13.119,0.103,12.085,0.023,11.966,0.023,11.905,0.021,13.0207,0.000524,13.2306,0.001384,12.6473,0.001117,11.749,0.024,11.812,0.027,10.068,0.113,8.18,,Theia2289,83.17637711026708,Kounkel2020,8289.0,3.16584,2.04
148506599,3.044984272149601e+18,106.554180260252,-12.3561957583705,0.680584,15.4685,17.335,0.114,16.561,1.133,14.518,0.034,14.048,0.033,13.968,0.054,16.0978,0.000819,16.624,0.004752,15.4051,0.004036,13.651,0.025,13.817,0.037,12.552,,8.824,,Theia2289,83.17637711026708,Kounkel2020,5401.0,1.11333,0.94
148346142,3.044782000670482e+18,106.398788755516,-13.1050025877329,0.904355,12.2691,12.098,0.363,12.484,0.057,11.532,,11.427,0.045,11.269,0.033,12.3767,0.000379,12.4444,0.003237,12.1867,0.008103,10.946,0.023,11.011,0.021,11.103,0.124,8.639,,Theia2289,83.17637711026708,Kounkel2020,8986.0,,
147846159,3.045788156889739e+18,105.653572256277,-12.1428422297322,0.626795,13.8853,15.295,0.036,14.632,0.103,12.94,0.024,12.7,0.023,12.527,0.027,14.4096,0.000381,14.834,0.002894,13.7989,0.00155,12.451,0.025,12.438,0.024,12.629,,9.034,,Theia2289,83.17637711026708,Kounkel2020,7453.0,1.98523,1.71
148343995,3.0457097780267274e+18,106.394564139831,-12.3889433901205,0.63693,16.0242,17.836,0.118,16.9737,0.046,15.013,0.044,14.576,0.075,14.371,0.089,16.6735,0.00084,17.2156,0.006886,15.958,0.004645,,,,,,,,,Theia2289,83.17637711026708,Kounkel2020,5458.0,0.945221,0.95
148502472,3.0449320496486e+18,106.425859884937,-12.7677585776191,0.583398,15.8328,17.376,0.118,16.725,1.133,14.9,0.042,14.432,0.067,14.366,0.089,16.4654,0.001374,17.0022,0.007781,15.7809,0.005409,13.96,0.035,14.006,0.05,12.694,,8.869,,Theia2289,83.17637711026708,Kounkel2020,5946.0,1.05726,1.09
148504140,3.045736372464415e+18,106.480811314456,-12.2607638820656,0.750879,16.644,18.679,0.122,17.6834,0.0462,15.601,0.056,15.012,0.086,14.85,0.124,17.3379,0.001838,17.9369,0.009372,16.5807,0.00586,14.973,0.04,14.937,0.075,12.565,,8.697,,Theia2289,83.17637711026708,Kounkel2020,5060.0,0.678697,0.85
148028675,3.0456010337543767e+18,105.828340232504,-12.7794674354968,0.704499,13.8375,14.91,0.065,14.379,0.092,13.196,0.024,12.992,0.022,12.978,0.023,14.2261,0.000364,14.522,0.001625,13.769,0.001587,12.779,0.023,12.828,0.027,12.021,0.399,8.635,0.387,Theia2289,83.17637711026708,Kounkel2020,7015.0,1.48937,1.54
148173753,3.0457277524695363e+18,106.111530232314,-12.2617454295502,0.703573,12.3902,13.989,0.037,13.283,0.092,11.279,0.024,10.957,0.022,10.798,0.021,12.9618,0.000541,13.4508,0.002357,12.2741,0.001505,10.686,0.022,10.661,0.02,11.334,0.349,8.484,,Theia2289,83.17637711026708,Kounkel2020,8911.0,3.847,2.25
148504162,3.045716138873987e+18,106.409013049974,-12.2541830755155,0.692361,14.5574,15.862,0.046,14.969,0.115,13.383,0.037,12.867,0.039,12.817,0.039,15.1252,0.001669,15.3836,0.032445,14.2751,0.031012,12.656,0.024,12.765,0.03,11.729,0.308,9.048,,Theia2289,83.17637711026708,Kounkel2020,,,
148344885,3.044945381226032e+18,106.364703992414,-12.6743491403239,0.87699,14.9721,15.853,0.0,15.711,0.115,14.207,0.038,13.775,0.039,13.783,0.053,15.5066,0.000788,15.9362,0.003825,14.9097,0.001751,13.735,0.031,13.732,0.041,11.945,,8.793,,Theia2289,83.17637711026708,Kounkel2020,5872.0,0.914258,1.06
148502842,3.044946343299624e+18,106.467671629101,-12.6463389938961,0.641876,14.446,15.81,0.093,15.074,0.057,13.651,0.027,13.409,0.027,13.31,0.034,14.9296,0.000443,15.307,0.001959,14.3773,0.001335,13.252,0.025,13.246,0.03,12.022,,9.259,,Theia2289,83.17637711026708,Kounkel2020,6439.0,1.42327,1.3
148175231,3.044851643563129e+18,106.072261182978,-12.8068183050472,0.668861,15.927,15.932,0.107,16.8071,0.046,14.915,0.039,14.587,0.036,14.494,0.079,16.538,0.000969,17.0529,0.008048,15.8676,0.003505,,,,,,,,,Theia2289,83.17637711026708,Kounkel2020,5264.0,0.907799,0.9
148302632,3.045759771446752e+18,106.351229160849,-11.9827927615637,0.371918,16.6353,18.294,0.131,17.5893,0.0464,15.715,0.07,15.328,0.1,15.045,0.159,17.2876,0.001254,17.8348,0.013916,16.5737,0.006654,15.074,0.043,15.184,0.097,12.014,0.351,8.951,,Theia2289,83.17637711026708,Kounkel2020,5675.0,1.17079,1.01
751619382,3.044782000670482e+18,106.398788755516,-13.1050025877329,0.904355,12.2691,,,12.4076,0.0459,,,,,,,12.3767,0.000379,12.4444,0.003237,12.1867,0.008103,,,,,,,,,Theia2289,83.17637711026708,Kounkel2020,8986.0,,
148504160,3.045736067526752e+18,106.532591173464,-12.2544959185907,0.817803,15.0448,16.711,0.0,15.785,0.024,14.251,0.033,13.829,0.036,13.986,0.06,15.6031,0.000605,16.0608,0.002496,14.9867,0.002589,13.709,0.027,13.755,0.036,12.77,,9.11,,Theia2289,83.17637711026708,Kounkel2020,5722.0,0.990459,1.02
751797334,3.045716138873987e+18,106.409013049974,-12.2541830755155,0.692361,14.5574,,,15.3632,0.0491,,,,,,,15.1252,0.001669,15.3836,0.032445,14.2751,0.031012,,,,,,,,,Theia2289,83.17637711026708,Kounkel2020,,,
148300653,3.045700603976297e+18,106.206923685931,-12.5719136116103,0.674486,11.5608,11.66,0.219,11.583,0.02,11.163,0.024,11.119,0.022,11.105,0.021,11.6912,0.000745,11.7926,0.002392,11.4622,0.002226,11.067,0.024,11.089,0.02,11.289,0.156,8.994,,Theia2289,83.17637711026708,Kounkel2020,10079.0,3.09023,2.58
148028753,3.045596562688707e+18,105.801102682678,-12.8094650314005,0.638427,15.5712,17.544,0.116,16.133,1.133,14.672,0.038,14.316,0.041,14.292,0.075,16.1717,0.001016,16.6717,0.007297,15.5121,0.00467,,,,,,,,,Theia2289,83.17637711026708,Kounkel2020,5537.0,1.06982,0.97
148300551,3.0449498479850813e+18,106.233227069718,-12.604445592375,,16.3591,,,17.3611,0.0503,15.017,0.042,14.614,0.066,14.422,0.1,17.0261,0.001538,17.423,0.037976,16.089,0.02175,14.226,0.029,14.321,0.048,12.769,,8.999,,Theia2289,83.17637711026708,Kounkel2020,,,
148300840,3.045702120105457e+18,106.165778181903,-12.5053178313409,0.612276,14.3397,15.595,0.087,15.131,0.092,13.463,0.032,13.204,0.033,13.121,0.038,14.8725,0.000541,15.2961,0.003967,14.2719,0.001949,12.782,0.028,12.793,0.029,11.681,,7.875,,Theia2289,83.17637711026708,Kounkel2020,6163.0,1.69439,1.17
147835634,2.948305043654655e+18,105.526449795215,-14.5917131507998,0.909648,16.3361,18.636,0.117,17.4538,0.0463,15.217,0.05,14.649,0.067,14.345,0.076,17.0675,0.000936,17.7122,0.008802,16.2728,0.00964,14.2,0.027,14.393,0.051,12.536,,8.293,,Theia2339,89.12509381337459,Kounkel2020,4869.0,0.696787,0.79
148179649,2.9484216949672376e+18,106.08780652244,-14.2638049218428,0.791301,13.5206,13.985,0.084,13.948,0.092,12.967,0.03,12.77,0.027,12.738,0.033,13.8691,0.000423,14.1315,0.001604,13.4522,0.001397,12.605,0.029,12.644,0.032,11.842,,8.596,,Theia2339,89.12509381337459,Kounkel2020,7235.0,1.45387,1.63
148512270,2.948374519044521e+18,106.571373600615,-14.3476999400915,0.758564,15.4225,15.302,0.104,16.03,0.081,14.479,0.039,14.014,0.036,13.997,0.069,16.0649,0.000523,16.6068,0.002705,15.3653,0.001466,13.818,0.041,13.862,0.051,12.556,,8.194,,Theia2339,89.12509381337459,Kounkel2020,5687.0,1.01441,1.01
148513879,2.936307104053333e+18,106.585840755544,-14.9129012194101,0.798582,16.4132,18.739,0.121,17.5154,0.046,15.303,0.059,14.695,0.072,14.546,0.092,17.1356,0.001257,17.7835,0.006729,16.357,0.004027,14.414,0.036,14.621,0.067,12.139,,8.308,,Theia2339,89.12509381337459,Kounkel2020,4782.0,0.764819,0.77
148112423,2.948390118366973e+18,105.955875018027,-14.5514199226236,0.786884,14.912,14.551,0.095,15.741,0.206,14.075,0.03,13.675,0.035,13.553,0.048,15.4766,0.000324,15.9389,0.001565,14.8517,0.00131,13.622,0.064,13.689,0.072,11.978,,8.512,,Theia2339,89.12509381337459,Kounkel2020,5664.0,1.10755,1.01
147577916,3.045903433810312e+18,105.089720978626,-11.9673011797298,0.881521,13.5312,14.514,0.024,14.049,0.092,12.938,0.026,12.708,0.022,12.622,0.029,13.8782,0.000377,14.1572,0.002284,13.4416,0.001422,12.578,0.022,12.618,0.026,12.192,0.433,8.899,,Theia2409,97.72372209558112,Kounkel2020,8409.0,1.3249,2.08
147489084,3.0456497859248026e+18,105.002808780387,-12.6678638842871,0.741224,14.3068,16.088,0.112,14.924,0.103,13.545,0.024,13.238,0.03,13.123,0.032,14.8113,0.000483,15.2131,0.002136,14.2395,0.00173,13.073,0.024,13.155,0.03,12.472,,9.109,,Theia2409,97.72372209558112,Kounkel2020,6597.0,1.35759,1.38
125642286,3.0458243720536223e+18,105.967614691545,-11.8047153134301,0.783664,15.6391,17.434,-0.135,16.378,0.138,14.81,0.033,14.339,0.055,14.266,0.078,16.2586,0.001288,16.7806,0.006211,15.5757,0.003654,,,,,,,,,Theia2409,97.72372209558112,Kounkel2020,5173.0,0.90632,0.88
147707335,3.0455640626757417e+18,105.380081280535,-13.1319493323537,1.14222,5.7565,9.619,0.025,7.99678,0.023,4.328,0.274,3.32,0.236,3.07,0.262,6.85895,0.001441,8.21519,0.006332,5.74247,0.003399,2.144,,2.276,0.32,2.615,0.009,2.656,0.015,Theia2409,97.72372209558112,Kounkel2020,3645.0,134.057,
147967981,3.045614434051614e+18,105.734092997529,-12.6740671491941,0.745975,13.3141,14.701,0.07,13.985,0.114,12.446,0.026,12.209,0.025,12.034,0.019,13.8145,0.000282,14.2084,0.001629,13.2445,0.001167,11.941,0.023,11.938,0.022,12.048,0.371,8.924,,Theia2409,97.72372209558112,Kounkel2020,6503.0,2.11792,1.33
148503242,3.0449568917382994e+18,106.470745717427,-12.5182382099614,0.693554,15.9881,17.733,0.116,17.0153,0.046,14.925,0.038,14.469,0.042,14.353,0.081,16.6755,0.001126,17.2738,0.007478,15.9296,0.003337,14.184,0.027,14.171,0.047,10.955,0.163,8.1,0.224,Theia2409,97.72372209558112,Kounkel2020,5035.0,0.977036,0.84
147578456,3.045881031260956e+18,105.107082814603,-12.1767249854796,0.851851,13.8017,14.849,0.034,14.352,0.103,13.183,0.026,12.977,0.022,12.902,0.03,14.187,0.000382,14.4844,0.001822,13.7316,0.001534,12.814,0.027,12.871,0.03,12.098,,8.996,,Theia2409,97.72372209558112,Kounkel2020,7244.0,1.25391,1.63
148028303,3.045603129697625e+18,105.832029072519,-12.6620081047449,0.835828,15.3058,17.02,0.08,15.654,1.133,14.4,0.03,14.059,0.036,13.969,0.055,15.8904,0.000939,16.3771,0.005545,15.251,0.003517,13.93,0.065,14.01,0.043,12.481,,9.013,,Theia2409,97.72372209558112,Kounkel2020,5831.0,0.885582,1.05
148300329,3.044948130005123e+18,106.264617808794,-12.6765446142625,0.684492,14.6506,16.239,0.061,15.32,0.092,13.843,0.03,13.553,0.042,13.384,0.048,15.17,0.000696,15.5742,0.00482,14.5766,0.002414,13.273,0.025,13.266,0.029,12.287,,8.516,,Theia2409,97.72372209558112,Kounkel2020,6152.0,1.29477,1.17
148503226,3.0449570291772667e+18,106.42543419699,-12.5224792841143,0.654261,13.611,14.541,0.097,14.13,0.092,12.929,0.027,12.723,0.023,12.642,0.023,14.0079,0.000407,14.3089,0.001371,13.5393,0.002634,12.636,0.024,12.688,0.028,12.314,,8.545,,Theia2409,97.72372209558112,Kounkel2020,7021.0,1.79892,1.55
147846566,3.045680301669816e+18,105.648956523725,-12.2984301396563,0.828807,14.7947,16.134,0.116,15.653,0.15,13.902,0.037,13.498,0.045,13.302,,15.4092,0.000716,15.9179,0.006613,14.7315,0.00298,13.153,0.031,13.133,0.034,12.206,,8.693,,Theia2409,97.72372209558112,Kounkel2020,6177.0,1.15367,1.18
147847034,3.0456677947252e+18,105.626457061193,-12.4672053661954,0.777669,15.3865,17.356,0.115,16.384,0.046,14.414,0.036,13.912,0.035,13.768,0.052,16.0482,0.001868,16.6087,0.00992,15.3293,0.004825,13.732,0.027,13.76,0.039,12.251,,8.768,,Theia2409,97.72372209558112,Kounkel2020,5752.0,1.03039,1.03
147965658,3.0447897316113976e+18,105.749424545199,-13.4501524381789,0.796866,14.6469,16.134,0.093,15.383,0.092,13.845,0.026,13.527,0.022,13.381,0.039,15.1602,0.000575,15.5669,0.003037,14.5822,0.002695,13.38,0.024,13.399,0.032,12.257,,8.989,0.471,Theia2409,97.72372209558112,Kounkel2020,6051.0,1.11637,1.13
147968352,3.045625257369084e+18,105.742911404277,-12.5326198248659,0.736111,14.0584,15.669,0.014,14.852,0.16,13.084,0.027,12.756,0.033,12.608,0.027,14.658,0.000341,15.1546,0.001894,13.9878,0.001342,12.509,0.025,12.504,0.027,11.583,0.241,8.098,,Theia2409,97.72372209558112,Kounkel2020,6803.0,1.7502,1.46
148303223,3.045741011029287e+18,106.363715850979,-12.1744642691699,0.971724,16.6327,18.459,0.122,17.7603,0.047,15.498,0.055,15.0,0.066,14.683,0.104,17.3674,0.001966,18.02,0.01846,16.5676,0.007903,14.485,0.033,14.714,0.075,11.753,0.506,8.026,,Theia2409,97.72372209558112,Kounkel2020,4757.0,0.582718,0.76
148028272,3.0456149150878945e+18,105.802906219709,-12.6498527087728,0.744208,12.6368,13.198,0.056,12.889,0.08,12.113,0.026,11.998,0.026,11.975,0.025,12.8088,0.000338,12.9681,0.001538,12.5173,0.00167,11.853,0.022,11.897,0.023,12.167,,8.953,,Theia2409,97.72372209558112,Kounkel2020,13074.0,,
148029315,3.044820105619863e+18,105.797839425882,-12.994582978552,1.03699,15.9731,18.215,0.111,17.085,0.0461,14.924,0.032,14.365,0.042,14.255,0.081,16.6998,0.00098,17.3594,0.008873,15.9223,0.003874,14.086,0.029,14.328,0.054,12.456,,8.58,,Theia2409,97.72372209558112,Kounkel2020,4750.0,0.730389,0.76
148344124,3.0457091982114883e+18,106.349430423098,-12.430976816743,0.809285,13.7935,12.747,0.079,14.3627,0.0459,13.089,0.037,12.846,0.042,12.757,0.032,14.2219,0.000355,14.5452,0.003741,13.7215,0.001627,13.033,0.183,13.157,0.188,11.894,,8.164,,Theia2409,97.72372209558112,Kounkel2020,6658.0,1.4131,1.4
148500034,3.044538183968538e+18,106.459357399361,-13.6296678758232,0.606699,15.5341,17.49,0.112,16.712,0.16,14.347,0.03,13.895,0.041,13.847,0.057,16.2635,0.000696,16.9087,0.004819,15.4881,0.0042,13.738,0.027,13.762,0.035,12.416,0.479,8.87,,Theia2409,97.72372209558112,Kounkel2020,5260.0,1.41193,0.9
148500583,3.044754581599512e+18,106.469790923394,-13.4424178464285,0.779785,15.2776,17.139,0.112,16.105,0.412,14.296,0.024,13.832,0.036,13.693,0.05,15.9233,0.000795,16.4855,0.0063,15.226,0.002643,13.715,0.027,13.755,0.038,12.658,,9.114,,Theia2409,97.72372209558112,Kounkel2020,5089.0,1.1259,0.85
148502455,3.044932049648609e+18,106.420901525597,-12.7718582127119,0.776863,14.732,,,15.393,0.058,13.976,0.038,13.679,0.038,13.638,0.05,15.2362,0.001401,15.6258,0.009014,14.6594,0.00161,12.783,0.05,12.66,0.053,11.83,0.407,8.993,,Theia2409,97.72372209558112,Kounkel2020,5840.0,1.10335,1.05
177009380,3.045826090040364e+18,106.143996112655,-11.7225126132593,0.877578,15.0722,16.965,0.192,15.86,0.081,14.138,0.033,13.914,0.048,13.874,0.063,15.6297,0.000656,16.0843,0.003312,15.0115,0.00336,13.772,0.026,13.777,0.037,12.019,0.312,8.368,,Theia2409,97.72372209558112,Kounkel2020,5700.0,0.913246,1.02
148028121,3.045621031121264e+18,105.833076916125,-12.5985263377207,0.683198,14.2966,15.625,0.076,14.982,0.15,13.493,0.029,13.185,0.032,12.946,,14.7897,0.000471,15.1815,0.002571,14.2226,0.002216,12.984,0.023,13.015,0.028,12.627,,8.517,,Theia2409,97.72372209558112,Kounkel2020,6952.0,1.44575,1.52
148028245,3.045614949447619e+18,105.809668565294,-12.640349181672,0.785888,13.5523,14.695,0.082,14.139,0.149,12.738,0.027,12.547,0.029,12.452,0.027,13.9721,0.000307,14.3063,0.001406,13.4679,0.001279,12.342,0.023,12.352,0.025,12.272,,9.009,,Theia2409,97.72372209558112,Kounkel2020,7785.0,1.60428,1.84
148028269,3.045603198417101e+18,105.816864825465,-12.6495482124296,0.773066,12.9838,13.833,0.071,13.387,0.103,12.325,0.024,12.199,0.024,12.108,0.028,13.2763,0.000254,13.5145,0.002276,12.8809,0.001019,12.035,0.023,12.021,0.023,11.924,0.305,8.926,,Theia2409,97.72372209558112,Kounkel2020,9316.0,1.78399,2.36
148172255,3.045731944357607e+18,106.031561430787,-12.1904854605697,0.874486,16.3731,17.334,0.129,17.5983,0.0474,15.1,0.067,14.554,0.081,14.334,0.085,17.1582,0.001309,17.8512,0.021326,16.309,0.00536,14.327,0.048,14.372,0.07,11.66,,8.562,,Theia2409,97.72372209558112,Kounkel2020,4943.0,0.763596,0.81
148174535,3.045607527744801e+18,106.094788524537,-12.5829111177317,0.82176,11.632,12.049,0.309,11.966,0.028,11.257,0.024,11.239,0.021,11.234,0.021,11.7664,0.000373,11.8689,0.003947,11.5567,0.002192,11.175,0.021,11.229,0.02,10.779,0.125,8.178,,Theia2409,97.72372209558112,Kounkel2020,9033.0,2.5268,2.28
148457822,3.044535435189513e+18,106.459203129848,-13.7039221104205,0.751077,14.9409,16.074,0.113,15.571,0.058,14.194,0.03,13.872,0.022,13.731,0.046,15.4489,0.000674,15.8573,0.002511,14.8833,0.001782,13.633,0.027,13.736,0.035,12.722,,8.923,,Theia2409,97.72372209558112,Kounkel2020,5957.0,1.03044,1.09
147846916,3.0456691691147366e+18,105.558327833464,-12.4189257655711,1.31127,12.8231,13.844,0.051,13.297,0.103,12.306,0.026,12.072,0.022,12.074,0.029,13.1792,0.00038,13.4416,0.001064,12.763,0.001007,12.011,0.023,12.044,0.024,12.037,,9.022,,Theia2409,97.72372209558112,Kounkel2020,6565.0,1.24614,1.36
148028464,3.0456018927478164e+18,105.848359614566,-12.7172490524984,0.808175,15.1679,16.82,0.008,15.843,0.092,14.364,0.029,13.943,0.031,13.845,0.058,15.73,0.000864,16.1924,0.005805,15.1109,0.002811,13.778,0.026,13.931,0.041,12.669,,9.101,,Theia2409,97.72372209558112,Kounkel2020,5811.0,0.947143,1.04
148301707,3.045730157651132e+18,106.207015199269,-12.1562858719212,0.867062,15.1315,16.707,0.037,16.049,0.195,14.308,0.026,13.996,0.047,13.812,0.053,15.6906,0.001697,16.1432,0.008492,15.0673,0.003935,,,,,,,,,Theia2409,97.72372209558112,Kounkel2020,5705.0,0.900834,1.02
177008855,3.045805852154672e+18,106.160306552347,-11.9854521116132,0.812791,9.2743,9.305,0.043,9.275,0.004,9.214,0.024,9.207,0.022,9.145,0.02,9.27104,0.001285,9.29669,0.004409,9.21878,0.005218,9.184,0.022,9.225,0.02,9.23,0.032,8.291,0.305,Theia2409,97.72372209558112,Kounkel2020,10753.0,6.0314,
148501957,3.0447851574689014e+18,106.524365256893,-12.9509197923541,0.771294,15.4771,,,16.547,0.241,14.779,0.071,14.217,0.06,14.238,0.082,16.0748,0.00185,16.5714,0.008884,15.4179,0.006453,,,,,,,,,Theia2409,97.72372209558112,Kounkel2020,5573.0,0.923759,0.98
148169178,3.044798424625891e+18,105.917635374424,-13.3031824529358,0.663195,13.2698,13.935,0.036,13.611,0.114,12.821,0.029,12.695,0.023,12.646,0.03,13.5149,0.00027,13.6948,0.001297,13.2056,0.001464,12.612,0.024,12.61,0.026,12.253,,8.898,,Theia2409,97.72372209558112,Kounkel2020,7713.0,1.671,1.81
148171198,3.045609413230076e+18,105.929990128534,-12.6154488316994,0.757651,13.6216,14.772,0.045,14.162,0.08,12.879,0.026,12.684,0.023,12.614,0.029,14.0414,0.000349,14.366,0.001819,13.5514,0.00139,12.501,0.024,12.491,0.026,11.428,0.245,8.769,0.477,Theia2409,97.72372209558112,Kounkel2020,7000.0,1.60572,1.54
148297510,3.0447220772873344e+18,106.212011622658,-13.639883516772,0.968412,15.8704,17.491,0.118,16.559,0.241,14.926,0.042,14.469,0.048,14.491,0.103,16.5321,0.001201,17.1173,0.010123,15.8337,0.005473,14.238,0.029,14.313,0.051,12.047,,9.111,,Theia2409,97.72372209558112,Kounkel2020,5372.0,0.690542,0.93
147489906,3.045852031641856e+18,105.017338268918,-12.3672346225607,0.879628,12.7584,13.356,0.059,13.067,0.103,12.313,0.024,12.23,0.024,12.171,0.023,12.9733,0.000431,13.1335,0.000863,12.6898,0.001336,12.148,0.024,12.153,0.023,11.544,0.175,8.717,,Theia2409,97.72372209558112,Kounkel2020,8128.0,1.5583,1.98
148299956,3.044848864720676e+18,106.181263846695,-12.8029875008259,0.803683,11.4715,11.549,0.212,11.608,0.023,11.107,0.026,11.108,0.022,11.054,0.021,11.5825,0.000323,11.6681,0.001887,11.3952,0.00094,11.038,0.022,11.075,0.021,11.014,0.136,8.998,,Theia2409,97.72372209558112,Kounkel2020,9301.0,2.66584,2.36
148303368,3.0457399158174807e+18,106.404129135984,-12.2165774895524,0.809669,14.7416,16.014,0.116,15.545,0.137,13.899,0.039,13.432,0.023,13.381,0.038,15.3056,0.000672,15.7543,0.003372,14.669,0.002774,12.065,0.021,12.219,0.027,12.1,0.388,8.81,,Theia2409,97.72372209558112,Kounkel2020,5780.0,1.15253,1.04
148345209,3.0449316716915046e+18,106.40544673068,-12.7780391555898,0.879383,12.7924,13.428,0.065,13.142,0.092,12.309,0.03,12.156,0.029,12.113,0.031,13.0461,0.000831,13.2266,0.00167,12.727,0.001131,12.02,0.026,12.021,0.024,11.929,0.321,8.553,,Theia2409,97.72372209558112,Kounkel2020,7512.0,1.60366,1.73
148503997,3.045712737264469e+18,106.435394248939,-12.3007374822512,0.700475,15.848,17.372,0.115,16.702,0.0465,14.919,0.034,14.428,0.061,14.44,0.1,16.4459,0.001217,16.918,0.018803,15.7641,0.00367,14.396,0.035,14.565,0.061,12.249,,8.904,,Theia2409,97.72372209558112,Kounkel2020,5578.0,0.854671,0.98
148028300,3.045603060978167e+18,105.800378125478,-12.6615990526124,0.800452,10.844,11.275,0.144,10.991,0.011,10.447,0.026,10.415,0.023,10.361,0.025,10.9538,0.000822,11.0661,0.002333,10.7291,0.001582,10.33,0.023,10.334,0.021,9.906,0.06,7.577,0.179,Theia2409,97.72372209558112,Kounkel2020,14115.0,,
148030703,3.04478773874739e+18,105.87687993596,-13.4360792057455,0.667719,16.2817,18.252,0.12,17.2888,0.0461,15.335,0.051,14.734,0.048,14.699,0.09,16.9577,0.001155,17.5395,0.007323,16.2138,0.004704,,,,,,,,,Theia2409,97.72372209558112,Kounkel2020,4940.0,0.885932,0.81
148026112,3.045791695943511e+18,105.702882978002,-12.0070425015986,0.97514,15.5375,17.192,0.117,16.53,0.138,14.622,0.039,14.121,0.044,14.097,0.065,16.1828,0.001653,16.7347,0.013008,15.4825,0.007172,,,,,,,,,Theia2409,97.72372209558112,Kounkel2020,5322.0,0.785154,0.92
148028160,3.045620859322584e+18,105.830149499987,-12.6117366776283,0.72023,15.3879,17.513,0.256,16.389,0.24,14.428,0.026,13.981,0.033,13.982,0.058,16.0326,0.000909,16.5847,0.005642,15.3393,0.003435,13.885,0.027,13.972,0.041,12.447,,8.784,,Theia2409,97.72372209558112,Kounkel2020,5905.0,1.07247,1.07
148171905,3.0457227359478574e+18,105.960456189407,-12.3289372393337,0.746889,13.2652,14.692,0.019,14.052,0.114,12.341,0.026,12.063,0.023,11.919,0.024,13.8129,0.000314,14.2637,0.001977,13.1862,0.000819,11.785,0.025,11.776,0.023,11.835,,8.176,,Theia2409,97.72372209558112,Kounkel2020,7324.0,2.30193,1.66
148176822,3.044749324560192e+18,106.126014193755,-13.3139465659191,1.13022,15.9122,17.621,0.12,17.066,0.0462,14.882,0.048,14.166,0.047,14.099,0.105,16.6548,0.001039,17.3498,0.010179,15.862,0.002427,14.058,0.043,14.226,0.059,12.527,,8.715,,Theia2409,97.72372209558112,Kounkel2020,4528.0,0.724079,0.71
177009761,3.045835573328003e+18,106.180942610815,-11.5731173709228,0.915485,14.0654,15.476,0.016,14.759,0.172,13.335,0.028,13.055,0.033,12.909,0.03,14.5609,0.000444,14.9473,0.001271,13.9982,0.0015,12.905,0.025,12.97,0.03,11.966,,8.967,,Theia2409,97.72372209558112,Kounkel2020,5855.0,1.25738,1.06
148507028,3.0449558910080164e+18,106.545694510567,-12.4872422518726,0.613855,13.8163,15.133,0.027,14.427,0.103,13.021,0.026,12.79,0.027,12.731,0.03,14.2821,0.000418,14.6428,0.000957,13.7463,0.001523,12.559,0.023,12.547,0.025,11.507,0.179,8.567,,Theia2409,97.72372209558112,Kounkel2020,6579.0,1.92729,1.37
120161876,2.954010340770451e+18,101.625444354829,-11.041014734435,0.695428,14.5667,16.463,0.112,15.537,0.16,13.482,0.029,13.093,0.027,12.969,0.034,15.2841,0.000602,15.9032,0.002685,14.5136,0.001363,,,,,,,,,Theia2481,102.32929922807536,Kounkel2020,5839.0,1.79619,1.05
125640267,3.046429172165408e+18,105.955898036049,-11.0358492430521,0.927763,12.8294,13.673,0.023,13.194,0.126,12.31,0.026,12.157,0.03,12.145,0.031,13.1318,0.000418,13.3626,0.002286,12.7568,0.00106,11.995,0.023,12.031,0.024,10.51,0.258,8.076,,Theia2557,112.20184543019651,Kounkel2020,7797.0,1.61007,1.85
177126527,3.0457693578101893e+18,106.478953537901,-11.8054964177704,0.722513,12.086,12.912,0.025,12.492,0.092,11.469,0.021,11.395,0.025,11.258,0.026,12.3909,0.000729,12.6314,0.002818,12.0052,0.002187,11.203,0.023,11.19,0.022,10.974,0.129,8.533,,Theia2557,112.20184543019651,Kounkel2020,8239.0,2.93955,2.02
148501629,3.0447818589372216e+18,106.478376473633,-13.0588325702417,0.427182,13.1099,13.493,0.091,13.488,0.115,12.547,0.039,12.439,0.056,12.363,0.038,13.3564,0.000412,13.551,0.001771,13.0077,0.002862,12.286,0.025,12.332,0.025,12.193,,8.933,,Theia2573,114.8153621496884,Kounkel2020,9355.0,2.77337,2.38
148504217,3.0457163793967094e+18,106.40943498266,-12.2373792163871,0.497854,14.2719,15.023,0.064,14.671,0.069,13.667,0.027,13.544,0.029,13.336,0.039,14.5645,0.000444,14.7791,0.002305,14.1881,0.001478,13.389,0.025,13.477,0.032,12.373,,8.761,,Theia2573,114.8153621496884,Kounkel2020,7933.0,1.49006,1.9
751654631,3.044932565041788e+18,106.53628091117,-12.7671084018123,0.414364,15.5142,,,16.3665,0.0537,,,,,,,16.1067,0.001581,16.334,0.01278,15.171,0.066654,,,,,,,,,Theia2573,114.8153621496884,Kounkel2020,,,
148500646,3.0447548564774103e+18,106.450322565153,-13.4188863291506,0.570073,14.3583,15.654,0.017,15.053,0.092,13.588,0.024,13.393,0.029,13.197,0.039,14.8198,0.000996,15.1816,0.003647,14.2925,0.002544,13.263,0.024,13.242,0.031,12.068,,8.944,,Theia2573,114.8153621496884,Kounkel2020,6640.0,1.602,1.4
148503393,3.044957682012273e+18,106.473889783079,-12.477335093632,0.47986,15.3659,16.981,0.118,16.203,0.172,14.528,0.037,14.205,0.044,14.229,0.076,15.9003,0.000914,16.3257,0.004617,15.2973,0.00343,14.082,0.03,14.094,0.045,12.382,,9.032,,Theia2573,114.8153621496884,Kounkel2020,6282.0,1.3339,1.23
148456902,3.04450887511195e+18,106.485246350492,-14.0129468107009,0.520743,14.6714,16.045,0.114,15.404,0.103,13.749,0.029,13.456,0.022,13.356,0.037,15.2333,0.000303,15.6872,0.001454,14.604,0.000904,13.25,0.025,13.227,0.03,12.007,,8.927,,Theia2879,147.9108388168207,Kounkel2020,6284.0,1.76015,1.23
148501000,3.0447583268108426e+18,106.507834988017,-13.3043925740516,0.548613,14.2193,16.004,0.046,14.992,0.08,13.289,0.026,12.898,0.025,12.825,0.026,14.8299,0.000446,15.3375,0.005051,14.1599,0.002724,12.709,0.024,12.777,0.027,12.586,,9.103,,Theia2879,147.9108388168207,Kounkel2020,5973.0,2.25102,1.1
148030841,3.0447860894800133e+18,105.833287525104,-13.4749642034854,0.457045,14.4921,16.043,0.113,15.096,0.046,13.758,0.028,13.408,0.023,13.389,0.042,14.9891,0.000539,15.38,0.00153,14.4266,0.001286,13.282,0.027,13.372,0.034,12.429,,8.868,,Theia2879,147.9108388168207,Kounkel2020,6196.0,1.97861,1.19
148167167,2.948635549977204e+18,106.002431555757,-13.9566880308616,0.419472,14.8222,16.27,0.121,15.48,0.035,13.989,0.034,13.649,0.052,13.597,0.052,15.3669,0.000674,15.8089,0.007305,14.7616,0.002148,,,,,,,,,Theia2879,147.9108388168207,Kounkel2020,6082.0,1.98884,1.14
148457833,3.044535435189508e+18,106.45984461839,-13.6969620141601,0.95337,13.3563,14.409,0.038,13.826,0.092,12.8,0.027,12.58,0.028,12.512,0.026,13.726,0.000296,14.0029,0.001192,13.2943,0.001079,12.499,0.024,12.546,0.024,12.795,,9.086,,Theia2879,147.9108388168207,Kounkel2020,6720.0,1.35345,1.43
148348919,2.948432140327472e+18,106.321685124083,-14.0744631388231,0.364345,13.9746,14.396,0.072,14.355,0.092,13.327,0.032,13.182,0.029,13.142,0.036,14.2742,0.000225,14.5022,0.001516,13.8823,0.000971,13.051,0.038,13.079,0.04,11.919,,8.521,,Theia2879,147.9108388168207,Kounkel2020,8360.0,2.33549,2.07
148344072,3.0457094387296445e+18,106.395612849614,-12.413740337194,0.529636,16.0326,17.358,0.119,16.963,0.0461,14.985,0.045,14.632,0.065,14.49,0.097,16.6721,0.001077,17.1845,0.010041,15.9479,0.005465,14.407,0.05,14.555,0.078,12.366,,8.194,,Theia2879,147.9108388168207,Kounkel2020,5559.0,1.10585,0.98
148507049,3.04495589530667e+18,106.547351699229,-12.4967474821658,0.863856,15.7341,18.525,0.103,16.489,1.133,14.55,0.033,14.01,0.033,13.791,0.058,16.5121,0.000857,17.2317,0.005811,15.6864,0.006243,13.84,0.028,13.96,0.043,12.243,,8.447,,Theia2879,147.9108388168207,Kounkel2020,4663.0,1.05911,0.74
148500603,3.0447520733385697e+18,106.521255194678,-13.4336383253548,0.430363,15.486,17.153,-0.138,16.174,0.206,14.604,0.03,14.356,0.044,14.183,0.075,16.0146,0.000765,16.4418,0.004172,15.4216,0.002409,14.137,0.031,14.454,0.057,11.969,,8.616,,Theia2879,147.9108388168207,Kounkel2020,6521.0,1.3765,1.34
148502729,3.044945862263324e+18,106.463411743307,-12.683651189037,0.441961,14.2942,15.057,0.053,14.711,0.15,13.69,0.033,13.443,,13.433,,14.5906,0.00045,14.8105,0.002359,14.2043,0.002042,13.368,0.026,13.392,0.032,12.609,,8.985,,Theia2879,147.9108388168207,Kounkel2020,8145.0,1.67116,1.99
148345134,3.044932320227051e+18,106.40154577747,-12.7519807406805,0.445807,15.7292,17.29,0.116,16.487,0.172,14.731,0.036,14.343,0.045,14.247,0.071,16.3477,0.000895,16.8559,0.008074,15.6624,0.002282,14.124,0.031,14.085,0.042,12.746,,9.015,,Theia2879,147.9108388168207,Kounkel2020,6013.0,1.39373,1.11
147369903,2.948560473947271e+18,104.702854080859,-14.3677283572848,0.374143,12.554,14.813,0.064,13.596,0.08,11.441,0.023,10.912,0.023,10.779,0.021,13.2781,0.000295,13.9282,0.001756,12.5075,0.001205,10.639,0.023,10.688,0.02,10.495,0.084,8.699,,Theia2888,151.3561248436207,Kounkel2020,4951.0,8.99419,
147640095,2.9485007567224166e+18,105.174997971927,-14.4354532934538,0.671502,14.8421,16.873,0.13,16.047,0.126,13.835,0.045,13.407,0.052,13.256,0.044,15.5514,0.000826,16.1682,0.005022,14.7929,0.002059,13.052,0.025,13.058,0.03,12.012,,8.711,,Theia2888,151.3561248436207,Kounkel2020,5542.0,1.66042,0.98
147961069,2.948229074271399e+18,105.701962817215,-15.0082606365742,0.427147,15.8467,17.036,0.121,16.596,0.092,14.795,0.049,14.407,0.046,14.305,0.075,16.5118,0.000554,17.0743,0.003715,15.7882,0.002274,13.921,0.026,14.074,0.039,12.626,,8.855,,Theia2888,151.3561248436207,Kounkel2020,5767.0,1.49596,1.03
147584613,2.9485127139113564e+18,105.171165033048,-14.3993166726162,0.594318,11.9381,12.709,0.061,12.32,0.08,11.336,0.03,11.212,0.035,11.107,0.029,12.2309,0.000197,12.4589,0.001544,11.8439,0.000953,10.952,0.022,10.92,0.021,11.282,0.202,9.158,,Theia2888,151.3561248436207,Kounkel2020,8633.0,3.74682,2.16
147639149,2.94829686603707e+18,105.201607767069,-14.8130537944073,0.742595,13.1365,14.275,0.064,13.764,0.114,12.431,0.023,12.245,0.023,12.119,0.021,13.5468,0.000411,13.8661,0.00156,13.0598,0.001271,12.089,0.025,12.094,0.024,11.879,,8.889,,Theia2888,151.3561248436207,Kounkel2020,7371.0,2.0193,1.68
147640257,2.9485142600995635e+18,105.202557898317,-14.3762130790544,0.652698,12.8358,13.927,0.073,13.378,0.126,12.153,0.027,11.98,0.022,11.906,0.024,13.2405,0.000239,13.5536,0.001447,12.7574,0.001199,11.747,0.022,11.794,0.023,12.136,,8.997,,Theia2888,151.3561248436207,Kounkel2020,7407.0,2.5995,1.69
147640563,2.948609848892875e+18,105.262847686126,-14.2606584019989,0.615805,13.5638,14.4,0.045,14.045,0.126,13.032,0.026,12.865,0.023,12.805,0.027,13.8675,0.000311,14.0966,0.001665,13.4983,0.001909,12.75,0.023,12.788,0.024,12.66,,8.932,,Theia2888,151.3561248436207,Kounkel2020,7489.0,1.70106,1.72
147909424,2.948405683328141e+18,105.570550898069,-14.39059305513,0.483907,15.2231,14.605,0.086,15.981,0.103,14.46,0.023,14.19,0.024,14.092,0.049,15.7378,0.000844,16.1424,0.005573,15.1515,0.003642,13.716,0.028,13.764,0.039,12.509,,8.836,,Theia2888,151.3561248436207,Kounkel2020,6407.0,1.36654,1.29
147428731,2.948680389434946e+18,104.904347831175,-13.9381159191125,0.812396,16.2091,18.172,-0.254,17.011,0.06,15.172,0.054,14.611,0.053,14.566,0.105,16.917,0.001154,17.5514,0.015966,16.1687,0.004614,14.521,0.034,14.923,0.071,12.066,,8.989,,Theia2888,151.3561248436207,Kounkel2020,5099.0,0.77508,0.86
147711091,2.9484977330654177e+18,105.33391410595,-14.495311458014,0.566624,14.8095,16.676,0.127,15.633,0.115,13.844,0.027,13.485,0.025,13.396,0.04,15.433,0.000482,15.9565,0.003749,14.7533,0.001998,13.303,0.024,13.344,0.032,12.455,,8.346,,Theia2888,151.3561248436207,Kounkel2020,5852.0,1.70518,1.06
147640174,2.948512645191877e+18,105.182878145276,-14.4022597140152,0.635564,14.2892,,,15.041,0.126,13.49,0.03,13.264,0.022,13.089,0.034,14.8104,0.000428,15.2213,0.002617,14.2133,0.003034,,,,,,,,,Theia2888,151.3561248436207,Kounkel2020,6656.0,1.62374,1.4
147962603,2.9484007355260063e+18,105.755701557893,-14.4599826157024,0.45426,15.6005,16.938,0.014,15.937,0.112,14.671,0.054,14.325,0.072,14.16,0.077,16.1402,0.000651,16.5301,0.004152,15.493,0.004782,13.767,0.027,13.769,0.038,12.378,0.484,8.648,,Theia2888,151.3561248436207,Kounkel2020,6057.0,,
148293145,2.936204879529223e+18,106.200851368409,-15.1778924413657,0.41374,16.6824,18.188,0.127,17.6744,0.046,15.645,0.063,15.207,0.086,14.916,0.122,17.3543,0.000835,17.935,0.007255,16.6331,0.003812,,,,,,,,,Theia2888,151.3561248436207,Kounkel2020,5487.0,1.09545,0.96
148452243,2.9361285708520576e+18,106.479399750156,-15.6210549075371,0.656051,15.3837,17.211,0.113,16.077,0.229,14.531,0.026,14.093,0.029,13.942,0.052,15.9733,0.000563,16.4695,0.00323,15.333,0.001409,13.942,0.028,13.94,0.039,12.468,,8.515,,Theia2888,151.3561248436207,Kounkel2020,5672.0,1.101,1.01
147711673,2.9482993012752394e+18,105.334424623856,-14.7199970711115,0.469269,16.3522,18.274,0.12,17.446,0.0462,15.224,0.052,14.869,0.068,14.752,0.117,17.0767,0.001025,17.7022,0.011028,16.2968,0.004447,14.499,0.031,14.525,0.053,12.676,,9.137,,Theia2888,151.3561248436207,Kounkel2020,5570.0,1.21824,0.98
147835037,2.948302123076944e+18,105.464048477016,-14.70562753971,0.469432,14.5446,12.678,0.053,15.046,0.08,13.868,0.029,13.728,0.027,13.61,0.053,14.9091,0.000401,15.188,0.002998,14.459,0.001624,13.532,0.032,13.458,0.04,12.501,,8.729,,Theia2888,151.3561248436207,Kounkel2020,7798.0,1.53783,1.85
747743197,2.948495843279852e+18,105.232395661011,-14.5459767218694,0.634487,15.4764,,,16.5226,0.0463,,,,,,,16.177,0.000767,16.7767,0.013025,15.4202,0.004936,,,,,,,,,Theia2888,151.3561248436207,Kounkel2020,5762.0,1.27687,1.03
747746788,2.9485127139113564e+18,105.172114883515,-14.3992987782713,0.675135,14.5053,,,15.2708,0.0467,,,,,,,15.053,0.000669,15.4305,0.022417,14.3749,0.006331,,,,,,,,,Theia2888,151.3561248436207,Kounkel2020,6341.0,1.45165,1.26
147483624,2.948491234774671e+18,105.016123192665,-14.6388447741849,0.80459,15.9478,17.833,0.117,16.428,1.133,15.027,0.041,14.595,0.052,14.402,0.087,16.6081,0.001175,17.184,0.00677,15.905,0.002823,14.36,0.03,14.508,0.05,12.753,,8.833,,Theia2888,151.3561248436207,Kounkel2020,5479.0,0.794603,0.96
747743067,2.9484952248045414e+18,105.321946746141,-14.5487026416686,0.59986,14.1654,,,14.8705,0.0459,,,,,,,14.6744,0.000421,15.0787,0.004518,14.083,0.00163,,,,,,,,,Theia2888,151.3561248436207,Kounkel2020,7157.0,,
148351141,2.93630937179612e+18,106.403089809183,-14.903535033365,0.47823,16.0219,18.078,0.114,16.785,1.133,15.008,0.037,14.46,0.044,14.231,0.083,16.7231,0.000695,17.3356,0.00512,15.973,0.00346,14.401,0.028,14.573,0.056,12.197,,9.154,,Theia2888,151.3561248436207,Kounkel2020,5340.0,1.35862,0.92
147699838,2.948715573806708e+18,105.263867384074,-13.633900572411,0.684132,15.2826,16.925,-0.086,16.119,0.092,14.343,0.037,13.989,0.041,13.864,0.057,15.8788,0.000652,16.3784,0.006703,15.2279,0.002497,13.766,0.027,13.882,0.04,12.193,,9.001,,Theia2888,151.3561248436207,Kounkel2020,5587.0,1.12995,0.99
147710678,2.9485966848102625e+18,105.320094528099,-14.3402060020759,0.633107,15.9899,17.001,0.117,16.9356,0.046,14.96,0.041,14.455,0.051,14.676,0.108,16.637,0.001085,17.1875,0.005115,15.9335,0.004574,14.334,0.03,14.382,0.054,12.117,,8.737,,Theia2888,151.3561248436207,Kounkel2020,5412.0,0.966336,0.94
147836427,2.948591294634158e+18,105.496338049402,-14.4344760045393,0.711519,15.3367,17.135,0.011,16.01,0.008,14.35,0.037,13.932,0.047,13.941,0.054,15.965,0.00094,16.4893,0.005602,15.2733,0.002562,13.602,0.027,13.726,0.037,12.057,,8.819,,Theia2888,151.3561248436207,Kounkel2020,5450.0,1.12677,0.95
147961544,2.9482843247326474e+18,105.685416912198,-14.8399230239252,0.357263,8.7141,14.05,0.042,11.858,0.034,6.575,0.026,5.497,0.046,5.115,0.021,10.1369,0.001872,12.1765,0.00528,8.8636,0.002721,4.991,0.205,4.935,0.094,4.88,0.015,4.687,0.029,Theia2888,151.3561248436207,Kounkel2020,3332.0,175.997,
147962139,2.948385376723025e+18,105.779112989619,-14.61979832736,0.449295,13.0474,13.635,0.069,13.358,0.103,12.584,0.026,12.452,0.029,12.434,0.024,13.2404,0.000209,13.387,0.001459,12.9508,0.000764,12.331,0.023,12.343,0.024,12.062,,9.145,,Theia2888,151.3561248436207,Kounkel2020,9321.0,2.51819,2.37
148293148,2.936204845177808e+18,106.199260789852,-15.1776487234414,0.552976,16.7295,17.896,0.159,17.731,0.0461,15.887,0.114,15.286,0.104,15.191,0.182,17.4047,0.000841,17.9984,0.009672,16.683,0.004396,14.521,0.031,14.756,0.062,12.671,,9.004,,Theia2888,151.3561248436207,Kounkel2020,5169.0,0.846779,0.88
148451976,2.9361217332641925e+18,106.424783349846,-15.7101007646993,0.479101,15.0985,16.411,0.091,15.752,0.024,14.282,0.045,13.935,0.039,13.893,0.057,15.6327,0.000507,16.0608,0.00488,15.0304,0.00206,13.685,0.026,13.737,0.037,12.177,,8.62,,Theia2888,151.3561248436207,Kounkel2020,6455.0,1.49941,1.31
147484330,2.948516630920992e+18,105.01002421917,-14.3754704741113,0.629694,15.2257,16.756,0.088,16.043,1.133,14.431,0.027,14.042,0.041,13.957,0.052,15.7755,0.000881,16.2233,0.005136,15.1662,0.003836,13.805,0.028,13.819,0.038,12.399,,9.049,,Theia2888,151.3561248436207,Kounkel2020,5808.0,1.15397,1.04
147484344,2.9485164934820234e+18,105.04290387661,-14.3701031661839,0.651244,15.3207,16.142,0.115,16.331,0.252,14.448,0.041,13.983,0.045,13.895,0.069,15.9625,0.001092,16.5158,0.004451,15.2691,0.003807,13.618,0.03,13.632,0.039,12.427,,8.781,,Theia2888,151.3561248436207,Kounkel2020,5258.0,1.28574,0.9
147583736,2.948662518073611e+18,105.153290008743,-14.0796637950765,0.547262,13.8452,14.568,0.052,14.147,0.149,13.377,0.026,13.23,0.023,13.211,0.044,14.1028,0.000438,14.2908,0.002121,13.7703,0.001261,13.106,0.025,13.08,0.03,12.651,,9.063,,Theia2888,151.3561248436207,Kounkel2020,7903.0,1.57646,1.89
147711236,2.9484952248045414e+18,105.321946746141,-14.5487026416686,0.59986,14.1654,15.476,0.114,14.823,0.15,13.169,0.055,12.228,,12.079,,14.6744,0.000421,15.0787,0.004518,14.083,0.00163,,,,,,,,,Theia2888,151.3561248436207,Kounkel2020,7157.0,1.77572,1.6
148110733,2.9482137841880284e+18,106.001057606554,-15.1737332633225,0.471294,14.436,16.111,0.112,15.366,0.057,13.434,0.024,13.041,0.022,12.943,0.026,15.0753,0.000259,15.6154,0.001821,14.3801,0.00081,12.84,0.024,12.865,0.027,12.379,0.49,9.155,,Theia2888,151.3561248436207,Kounkel2020,5685.0,2.49677,1.01
148235799,2.948217117082577e+18,106.057890646557,-15.0494377116796,0.453148,16.1297,17.464,0.118,17.1275,0.0459,15.058,0.042,14.656,0.058,14.584,0.096,16.8052,0.00055,17.385,0.005526,16.0783,0.002001,14.392,0.033,14.475,0.055,12.465,0.507,8.763,,Theia2888,151.3561248436207,Kounkel2020,5740.0,1.26268,1.03
148032888,2.948626375926711e+18,105.800871134443,-14.1523258682952,0.555395,15.8062,17.15,0.123,16.652,1.133,14.823,0.055,14.453,0.074,14.224,0.087,16.4426,0.000876,16.984,0.006547,15.7458,0.003978,13.739,0.027,13.673,0.037,12.319,,8.564,,Theia2888,151.3561248436207,Kounkel2020,5173.0,1.20333,0.88
148034750,2.948332875040589e+18,105.889573690546,-14.8016488206774,0.685654,15.4621,17.192,0.116,16.306,1.133,14.624,0.037,14.212,0.046,14.2,0.072,16.0275,0.000481,16.4888,0.004209,15.4008,0.001816,13.949,0.027,13.948,0.041,12.275,,9.106,,Theia2888,151.3561248436207,Kounkel2020,5850.0,0.968927,1.06
148034994,2.9482375267669704e+18,105.835535021331,-14.8797396404245,0.560793,15.8595,17.819,-0.286,16.567,0.06,14.893,0.045,14.558,0.058,14.404,0.084,16.4858,0.000469,17.0138,0.003859,15.8047,0.002021,,,,,,,,,Theia2888,151.3561248436207,Kounkel2020,5768.0,1.07971,1.03
148111150,2.9482203468979804e+18,106.019382147671,-15.0169759600311,0.415877,16.4045,18.126,0.122,17.4342,0.046,15.362,0.054,14.936,0.075,14.799,0.106,17.0963,0.000645,17.6955,0.007573,16.3552,0.002366,14.811,0.032,15.054,0.078,12.165,,8.789,,Theia2888,151.3561248436207,Kounkel2020,5597.0,1.25715,0.99
147584531,2.948513023148991e+18,105.163625022193,-14.3687783754561,0.629166,14.6666,16.042,0.121,15.559,0.218,13.765,0.049,13.445,0.075,13.416,0.065,15.2715,0.000824,15.7705,0.003888,14.6031,0.001772,,,,,,,,,Theia2888,151.3561248436207,Kounkel2020,6170.0,1.57483,1.18
147640170,2.9485126451918787e+18,105.180552423057,-14.4043633442921,0.634588,13.8082,14.257,0.105,14.39,0.149,13.083,0.026,12.961,0.029,12.777,0.03,14.2242,0.000381,14.5504,0.001595,13.7273,0.001137,12.617,0.023,12.613,0.026,12.088,,8.802,,Theia2888,151.3561248436207,Kounkel2020,7553.0,1.73755,1.75
147640518,2.948609058618906e+18,105.256523257836,-14.2798276118935,0.763368,14.1697,15.173,0.111,14.901,0.16,13.3,0.024,12.933,0.033,12.785,0.029,14.7498,0.000582,15.2301,0.002537,14.1112,0.001899,12.567,0.023,12.619,0.024,11.908,,8.731,,Theia2888,151.3561248436207,Kounkel2020,5552.0,1.65536,0.98
147909630,2.948402934549087e+18,105.585470877716,-14.4704801289885,0.638646,15.0186,16.93,0.113,15.779,0.115,14.142,0.03,13.777,0.035,13.648,0.047,15.5863,0.000594,16.0421,0.006928,14.9494,0.003395,13.557,0.026,13.525,0.032,12.765,,8.978,,Theia2888,151.3561248436207,Kounkel2020,5996.0,1.26312,1.11
147961099,2.9482349497866506e+18,105.722450189384,-14.9960217521219,0.607537,14.1961,14.904,0.109,14.767,0.103,13.442,0.028,13.237,0.027,13.092,0.032,14.6604,0.000205,15.0241,0.001412,14.1254,0.001209,13.023,0.024,13.001,0.028,12.138,,8.321,,Theia2888,151.3561248436207,Kounkel2020,6831.0,1.62563,1.47
148353627,2.93611984347867e+18,106.296727684319,-15.774282131124,0.483078,15.5775,17.129,0.0,16.42,1.133,14.862,0.047,14.55,0.065,14.507,0.104,16.0979,0.000581,16.5169,0.003906,15.5177,0.001541,14.318,0.033,14.389,0.046,12.52,,9.077,,Theia2888,151.3561248436207,Kounkel2020,6101.0,1.1894,1.15
147639982,2.948499519771829e+18,105.257956966736,-14.4812849647197,0.647534,15.4047,17.235,0.114,16.187,1.133,14.417,0.032,13.995,0.036,14.014,0.066,16.0817,0.00085,16.6551,0.005265,15.3431,0.005711,13.757,0.027,13.734,0.036,12.746,,8.753,,Theia2888,151.3561248436207,Kounkel2020,5492.0,1.27522,0.96
147640189,2.9485127139113554e+18,105.176189333031,-14.3994439442345,0.621217,14.3554,15.734,0.114,15.3,0.206,13.503,0.029,13.208,0.022,13.028,0.033,14.9116,0.001001,15.365,0.005339,14.2907,0.003208,12.862,0.025,12.859,0.029,12.452,,8.492,,Theia2888,151.3561248436207,Kounkel2020,6481.0,1.69757,1.32
147640551,2.9486091960578386e+18,105.290336692708,-14.2674674338669,0.63495,15.5148,16.566,0.112,16.201,0.104,14.732,0.03,14.335,0.041,14.286,0.076,16.0817,0.000825,16.551,0.006915,15.4595,0.003094,14.06,0.028,14.119,0.045,12.649,,9.042,,Theia2888,151.3561248436207,Kounkel2020,5701.0,1.035,1.02
747719512,2.9483994298557686e+18,105.675323635119,-14.5151179776622,0.735417,15.053,,,15.7063,0.0478,,,,,,,15.5344,0.000826,15.779,0.037848,14.8548,0.015996,,,,,,,,,Theia2888,151.3561248436207,Kounkel2020,,,
61498060,2.952683333314032e+18,102.807093599428,-12.9715740071268,0.412029,16.6303,18.177,0.071,17.6132,0.0465,15.697,0.06,15.256,0.093,15.182,0.17,17.297,0.001216,17.8768,0.015344,16.5834,0.008132,15.146,0.037,15.274,0.088,12.769,,8.959,,Theia3002,162.1810097358933,Kounkel2020,5378.0,1.12814,0.93
61503006,2.9526813748090634e+18,102.818124539327,-13.0710655316911,0.288462,16.2103,17.8,0.059,17.1759,0.0465,15.184,0.047,14.713,0.06,14.577,0.083,16.8688,0.001064,17.4208,0.015746,16.1475,0.004638,14.522,0.029,14.607,0.058,12.168,,8.96,,Theia3002,162.1810097358933,Kounkel2020,5690.0,1.77565,1.01
61580435,2.949169534672249e+18,102.81621531238,-14.1511122022374,0.349559,15.9274,16.853,0.076,16.254,1.133,15.095,0.066,14.766,0.072,14.736,0.115,16.4641,0.000898,16.8968,0.00715,15.8658,0.003359,,,,,,,,,Theia3002,162.1810097358933,Kounkel2020,5899.0,1.41726,1.07
35709863,2.949278661199437e+18,102.399977623664,-13.6289727973061,0.3837,15.8384,16.995,0.054,16.317,1.133,14.993,0.04,14.678,0.049,14.721,0.108,16.377,0.000775,16.8124,0.004653,15.7774,0.004147,,,,,,,,,Theia3002,162.1810097358933,Kounkel2020,5718.0,1.37769,1.02
35573687,2.9491364462412165e+18,102.122436220749,-14.0226716991798,0.368139,16.6195,18.191,0.069,17.5654,0.0463,15.63,0.058,15.302,0.085,15.32,0.178,17.2667,0.001117,17.8205,0.012872,16.5662,0.005292,15.134,0.036,15.29,0.089,12.352,0.4,9.055,,Theia3002,162.1810097358933,Kounkel2020,5408.0,1.21004,0.94
142410297,2.949656751458567e+18,103.158782025635,-13.3244090963574,0.384176,15.82,17.212,0.11,16.531,0.229,14.958,0.038,14.653,0.064,14.619,0.101,16.3584,0.00088,16.7948,0.006339,15.76,0.002649,14.512,0.03,14.584,0.054,12.662,,9.1,,Theia3002,162.1810097358933,Kounkel2020,6090.0,1.35282,1.14
61352229,2.9492861516228337e+18,102.676549960121,-13.5287938635453,0.280478,16.1952,16.276,0.075,16.196,0.15,15.624,0.065,15.426,0.109,16.364,,16.4873,0.001003,16.7067,0.004169,16.1318,0.004554,,,,,,,,,Theia3002,162.1810097358933,Kounkel2020,7479.0,1.0268,1.72
61352447,2.949267150687627e+18,102.685737580574,-13.6232670031828,0.26218,15.7817,16.344,0.0,15.946,0.105,15.338,0.052,15.331,0.089,15.176,0.159,15.9826,0.000855,16.1294,0.004058,15.7075,0.002356,15.144,0.039,15.259,0.076,12.67,,9.132,,Theia3002,162.1810097358933,Kounkel2020,8293.0,1.16668,2.04
61352448,2.949267558708214e+18,102.63094374168,-13.6234798013406,0.368146,16.0557,,,16.7699,0.0461,15.196,0.068,14.892,0.091,14.708,0.118,16.574,0.000895,16.9866,0.013164,15.9917,0.005683,14.332,0.03,14.429,0.049,12.56,0.446,9.029,,Theia3002,162.1810097358933,Kounkel2020,6076.0,1.23146,1.14
61399578,2.949159261110697e+18,102.640259436419,-14.3167688203572,0.488452,16.1393,17.79,0.059,16.9811,0.046,15.233,0.046,14.883,0.064,14.666,0.104,16.7305,0.000944,17.2223,0.007217,16.0822,0.004497,,,,,,,,,Theia3002,162.1810097358933,Kounkel2020,5642.0,1.04405,1.0
35583294,2.949245293593328e+18,102.261098149307,-13.8364040647945,0.405258,15.2811,16.83,-0.069,15.965,0.16,14.351,0.033,13.965,0.051,13.912,0.064,15.84,0.001605,16.2257,0.003803,15.1507,0.002835,13.796,0.027,13.846,0.038,11.94,,9.202,,Theia3002,162.1810097358933,Kounkel2020,5902.0,1.72013,1.07
61495544,2.949187779692309e+18,102.738522000262,-13.9411312069573,0.248843,16.488,17.329,0.442,16.975,0.374,15.818,0.069,16.085,0.164,15.564,,16.7477,0.001273,16.9429,0.00551,16.4227,0.004808,15.929,0.053,16.404,0.231,12.647,,9.017,,Theia3002,162.1810097358933,Kounkel2020,7773.0,0.942368,1.84
61496760,2.949276462176469e+18,102.759578818524,-13.4731202463145,0.336357,15.4063,16.453,0.042,16.0,0.172,14.759,0.041,14.619,0.056,14.427,0.072,15.805,0.000884,16.104,0.003388,15.3404,0.003091,14.313,0.031,14.336,0.047,12.701,,9.006,,Theia3002,162.1810097358933,Kounkel2020,6591.0,1.48517,1.37
35708955,2.949227602630495e+18,102.439632338235,-14.0034410107165,0.236627,16.3335,17.613,0.067,16.9763,0.0461,15.505,0.056,15.354,0.103,15.353,0.165,16.8077,0.001028,17.156,0.010547,16.242,0.009949,,,,,,,,,Theia3002,162.1810097358933,Kounkel2020,6617.0,1.42394,1.39
142410743,2.949600165272803e+18,103.117403321049,-13.5055340445546,0.590395,15.7666,17.113,0.109,16.261,0.149,14.965,0.037,14.702,0.073,14.5,0.095,16.2932,0.000879,16.7184,0.004169,15.7075,0.003334,14.531,0.032,14.546,0.058,12.002,,8.337,,Theia3002,162.1810097358933,Kounkel2020,5911.0,0.91952,1.08
35416601,2.952265175298636e+18,102.055098292089,-13.529383589252,0.391901,16.3225,17.249,0.064,16.632,1.133,15.514,0.053,15.081,0.073,15.176,0.158,16.8435,0.001173,17.2561,0.010708,16.2561,0.005229,15.175,0.043,15.24,0.089,11.949,,9.168,,Theia3002,162.1810097358933,Kounkel2020,5805.0,1.05179,1.04
35582867,2.949257800536062e+18,102.284928949816,-13.6578276067521,0.28067,12.8525,13.375,0.022,13.149,0.126,12.413,0.026,12.336,0.026,12.277,0.024,13.047,0.000706,13.1846,0.002315,12.7671,0.001029,12.231,0.023,12.234,0.023,12.468,0.455,8.71,,Theia3002,162.1810097358933,Kounkel2020,8551.0,4.26961,2.13
35583363,2.949244954297174e+18,102.290692688084,-13.8653511786374,0.255403,12.7469,14.934,0.056,13.929,0.137,11.513,0.023,10.944,0.022,10.747,0.021,13.5305,0.000256,14.2464,0.001947,12.7042,0.001163,10.667,0.025,10.704,0.023,10.571,0.085,8.888,,Theia3002,162.1810097358933,Kounkel2020,4881.0,12.7611,
61398074,2.949264814225546e+18,102.633629945005,-13.6901812839388,0.375353,15.7026,16.895,0.048,16.31,0.195,14.891,0.032,14.668,0.052,14.492,0.093,16.1878,0.000938,16.5736,0.005141,15.6441,0.003224,14.441,0.029,14.649,0.057,12.369,,8.692,,Theia3002,162.1810097358933,Kounkel2020,6109.0,1.34988,1.15
61398325,2.9492610690142085e+18,102.587277852899,-13.7850857709444,0.276356,16.1896,17.138,0.129,16.239,0.242,15.608,0.066,15.539,0.121,15.478,0.212,16.5492,0.001037,16.8337,0.006031,16.1259,0.002674,15.248,0.035,15.515,0.104,12.446,,8.984,,Theia3002,162.1810097358933,Kounkel2020,7446.0,1.14393,1.71
61496994,2.9492898968340777e+18,102.755185039707,-13.3903582465454,0.340248,16.468,17.718,0.069,17.3358,0.0462,15.579,0.058,15.135,0.071,14.924,0.126,17.0733,0.001125,17.5832,0.013104,16.4138,0.004958,14.97,0.035,14.894,0.071,12.344,,8.896,,Theia3002,162.1810097358933,Kounkel2020,5511.0,1.29884,0.97
61498720,2.9527266953035264e+18,102.77071124186,-12.7104617942344,0.404851,16.3554,18.659,0.051,17.677,0.0467,15.103,0.037,14.518,0.048,14.458,0.086,17.1854,0.001113,17.9466,0.014555,16.3119,0.004291,14.305,0.03,14.478,0.058,12.206,0.384,9.153,,Theia3002,162.1810097358933,Kounkel2020,4875.0,1.73568,
35581462,2.952317299016994e+18,102.249609470738,-13.0767881885565,0.287563,15.7453,,,15.696,1.133,15.028,0.055,14.79,0.068,14.864,0.116,16.1255,0.000828,16.4159,0.005368,15.6749,0.00401,,,,,,,,,Theia3002,162.1810097358933,Kounkel2020,7186.0,1.40563,1.61
35709029,2.9492343371380173e+18,102.432178795491,-13.9731441093554,0.369157,16.442,18.356,0.065,17.3402,0.0461,15.412,0.054,15.079,0.083,14.969,0.119,17.0642,0.001032,17.5862,0.009482,16.3844,0.004794,14.725,0.033,14.761,0.064,12.712,,9.2,,Theia3002,162.1810097358933,Kounkel2020,5607.0,1.24263,0.99
35712437,2.9527579626646216e+18,102.412424201212,-12.584472255079,0.211129,15.9464,19.597,0.164,17.7779,0.0492,14.32,0.034,13.587,0.032,13.323,0.035,16.9914,0.001108,18.0454,0.024296,15.9581,0.003546,13.238,0.025,13.201,0.03,11.984,0.272,8.414,,Theia3002,162.1810097358933,Kounkel2020,4535.0,4.92797,
35717694,2.9492850521107364e+18,102.459835180365,-13.4867581551378,0.425805,14.9057,16.221,0.174,15.395,0.115,14.163,0.031,13.904,0.036,13.776,0.05,15.3742,0.000579,15.7365,0.002428,14.8374,0.00171,13.739,0.025,13.841,0.037,11.998,,9.166,,Theia3002,162.1810097358933,Kounkel2020,6396.0,1.66671,1.28
61496258,2.9492687999550013e+18,102.805975424631,-13.6633461893409,0.249201,12.0603,15.202,0.011,13.373,0.103,10.609,0.024,9.849,0.023,9.623,0.021,12.9488,0.000543,13.8497,0.002074,12.0252,0.001233,9.51,0.024,9.611,0.02,9.427,0.038,8.624,,Theia3002,162.1810097358933,Kounkel2020,4180.0,22.9267,
747842334,2.948968324041109e+18,102.774226853225,-14.4240429883465,0.282997,16.0203,,,16.6258,0.046,,,,,,,16.4718,0.000797,16.8152,0.008681,15.9472,0.004873,,,,,,,,,Theia3002,162.1810097358933,Kounkel2020,6566.0,1.4016,1.36
61398407,2.9492607254182646e+18,102.604821000876,-13.8125543643467,0.714005,15.157,16.773,0.048,15.903,0.115,14.315,0.032,13.946,0.035,13.932,0.063,15.6891,0.000638,16.122,0.005341,15.0997,0.002821,13.875,0.028,13.913,0.04,12.76,,8.39,,Theia3002,162.1810097358933,Kounkel2020,5699.0,1.03519,1.01
61495089,2.949169156715137e+18,102.764800259898,-14.1261560624042,0.450724,16.2577,17.416,0.058,17.1214,0.046,15.291,0.045,15.034,0.081,14.859,0.126,16.861,0.001705,17.3771,0.007761,16.2128,0.004473,14.816,0.041,14.958,0.078,12.523,,8.631,,Theia3002,162.1810097358933,Kounkel2020,5606.0,1.09475,0.99
61497488,2.9496719384632684e+18,102.786409975786,-13.2002472477818,0.346239,15.4833,16.599,0.054,16.352,0.15,14.569,0.04,14.161,0.049,13.837,,16.0973,0.000946,16.6162,0.005461,15.4292,0.003291,13.632,0.025,13.76,0.037,12.727,0.533,8.673,,Theia3002,162.1810097358933,Kounkel2020,5490.0,2.02527,0.96
35716832,2.952301665340288e+18,102.55156009137,-13.1637054194042,0.503445,15.0047,16.366,0.123,15.612,0.103,14.24,0.032,13.92,0.035,13.802,0.055,15.4972,0.000749,15.8879,0.002926,14.9442,0.002269,13.714,0.026,13.798,0.034,12.048,,9.038,,Theia3002,162.1810097358933,Kounkel2020,6047.0,1.43124,1.12
61494699,2.949163208181409e+18,102.801735527747,-14.2864240446092,0.342336,16.1583,15.521,0.064,16.658,0.15,15.261,0.053,14.929,0.09,13.294,,16.6979,0.000882,17.1059,0.009678,16.0688,0.008828,,,,,,,,,Theia3002,162.1810097358933,Kounkel2020,6054.0,1.29383,1.13
61494730,2.9491608416586107e+18,102.690537701332,-14.2768547130721,0.346326,16.7285,16.886,0.075,17.3309,0.0469,15.533,0.065,15.325,0.119,15.015,0.132,17.1777,0.001342,17.4332,0.023954,16.5679,0.02138,14.814,0.032,14.882,0.067,12.791,,9.019,,Theia3002,162.1810097358933,Kounkel2020,6676.0,,
61494762,2.949164002754474e+18,102.801255425095,-14.2677690406686,0.636981,16.0932,17.829,0.056,17.1048,0.0462,15.045,0.043,14.379,0.053,14.524,0.092,16.7732,0.001032,17.3643,0.010323,16.0376,0.005383,,,,,,,,,Theia3002,162.1810097358933,Kounkel2020,5111.0,0.99203,0.86
61581805,2.948853562513932e+18,102.884673111933,-14.7054625860132,0.225548,16.0927,16.19,0.057,16.451,0.344,15.443,0.044,15.531,0.108,15.38,0.197,16.3734,0.000973,16.584,0.004145,16.0038,0.003549,15.483,0.042,15.452,0.101,12.712,,8.336,,Theia3002,162.1810097358933,Kounkel2020,8291.0,1.28683,2.04
142676963,2.948990894093277e+18,103.622465189628,-14.1493844324891,0.398244,15.8626,16.8,0.016,16.596,1.133,14.987,0.047,14.594,0.082,14.608,0.101,16.4711,0.000852,16.9816,0.00747,15.8081,0.00366,14.29,0.032,14.326,0.05,12.439,,8.844,,Theia3002,162.1810097358933,Kounkel2020,5794.0,1.45223,1.04
35717740,2.9492814443381955e+18,102.545150446246,-13.5023895555378,0.235758,13.5604,14.512,0.035,13.936,0.057,12.896,0.027,12.688,0.026,12.633,0.028,13.9017,0.0004,14.1576,0.002153,13.4817,0.002433,12.547,0.025,12.562,0.026,12.204,,9.089,,Theia3002,162.1810097358933,Kounkel2020,7582.0,4.34988,1.76
61502434,2.9526886247134766e+18,102.905459634088,-12.8598037590555,0.326063,15.8257,16.875,0.055,16.351,0.161,14.989,0.042,14.765,0.062,14.529,0.096,16.3556,0.00072,16.7788,0.004699,15.7592,0.002318,14.543,0.033,14.623,0.058,12.563,,8.96,,Theia3002,162.1810097358933,Kounkel2020,6284.0,1.53102,1.23
61579782,2.9492092545295e+18,102.933492422246,-13.905414923028,0.412265,15.5541,16.849,0.055,16.286,0.161,14.804,0.036,14.464,0.057,14.438,0.09,16.053,0.000821,16.4486,0.005377,15.4916,0.002846,14.451,0.029,14.364,0.046,12.698,,8.625,,Theia3002,162.1810097358933,Kounkel2020,6150.0,1.35474,1.17
61502690,2.952683470752936e+18,102.830092557469,-12.9542329839118,0.383518,15.8019,17.266,0.055,16.47,1.133,14.847,0.042,14.6,0.031,14.458,0.08,16.4081,0.000848,16.9166,0.006114,15.7475,0.002581,14.331,0.029,14.355,0.048,12.1,,8.964,,Theia3002,162.1810097358933,Kounkel2020,5754.0,1.54069,1.03
61579667,2.9492134464176005e+18,102.836767961625,-13.8565599509219,0.306483,16.2753,16.494,0.069,16.478,0.333,15.721,0.059,15.631,0.113,15.373,0.202,16.5389,0.000831,16.7397,0.006047,16.2063,0.005499,,,,,,,,,Theia3002,162.1810097358933,Kounkel2020,7932.0,0.891638,1.9
747879571,2.9491608416586107e+18,102.690537701332,-14.2768547130721,0.346326,16.7285,,,17.3309,0.0469,,,,,,,17.1777,0.001342,17.4332,0.023954,16.5679,0.02138,,,,,,,,,Theia3002,162.1810097358933,Kounkel2020,6676.0,,
142665255,2.948882802653317e+18,103.476564844622,-14.8569125578039,0.330477,16.4067,18.397,0.125,17.3801,0.0464,15.214,0.063,14.871,0.073,14.874,0.127,17.0693,0.001177,17.6242,0.014524,16.3428,0.006032,,,,,,,,,Theia3002,162.1810097358933,Kounkel2020,5699.0,1.46563,1.01
747977464,2.9496066592630543e+18,103.470835926607,-13.3676371550529,0.292492,15.1087,,,15.823,0.0464,,,,,,,15.6254,0.000609,16.0001,0.017782,15.0003,0.009444,,,,,,,,,Theia3002,162.1810097358933,Kounkel2020,6688.0,,
142717222,2.9481298777052114e+18,103.664671216915,-14.9680492203767,0.557704,12.6812,15.446,0.086,14.024,0.149,11.252,0.024,10.647,0.034,10.393,0.023,13.5747,0.000319,14.4391,0.000841,12.6565,0.000777,10.251,0.023,10.308,0.02,10.139,0.061,8.768,,Theia3002,162.1810097358933,Kounkel2020,4573.0,7.81143,
142410426,2.949649918172948e+18,103.143126339525,-13.37738739577,0.341671,15.3276,16.252,0.111,16.107,0.229,14.503,0.027,14.222,0.046,14.172,0.074,15.8456,0.000749,16.2653,0.002827,15.2711,0.002778,14.13,0.027,14.266,0.047,12.654,,8.876,,Theia3002,162.1810097358933,Kounkel2020,6017.0,1.83599,1.11
142523363,2.948984095162101e+18,103.243458541639,-14.3037283852714,0.250118,14.3815,16.919,0.073,15.612,0.183,13.135,0.026,12.465,0.028,12.307,0.023,15.177,0.000553,15.9198,0.003404,14.3341,0.001776,12.201,0.023,12.3,0.025,11.922,0.259,9.112,,Theia3002,162.1810097358933,Kounkel2020,4596.0,6.41467,
142402018,2.9489780822065526e+18,102.999933893732,-14.1934905803702,0.342967,15.7464,16.757,0.118,16.5,0.206,14.978,0.047,14.615,0.043,14.564,0.105,16.2723,0.000836,16.7011,0.005416,15.6912,0.001961,14.637,0.034,14.997,0.066,12.457,,8.358,,Theia3002,162.1810097358933,Kounkel2020,6038.0,1.5252,1.12
142402829,2.949215748519943e+18,103.010645002439,-13.8354114322298,0.64947,15.4261,16.827,0.115,16.26,0.161,14.635,0.035,14.16,0.03,14.12,0.076,15.9947,0.000711,16.4633,0.003974,15.3656,0.002183,14.106,0.028,14.107,0.042,12.466,,8.955,,Theia3002,162.1810097358933,Kounkel2020,5441.0,1.08637,0.95
142409423,2.9497041721995464e+18,103.06968355308,-12.9778307419791,0.712299,16.2197,18.301,0.118,17.3083,0.0462,15.091,0.049,14.733,0.059,14.674,0.106,16.9419,0.000958,17.5766,0.0092,16.1772,0.006415,14.44,0.03,14.524,0.054,11.756,,8.805,,Theia3002,162.1810097358933,Kounkel2020,5769.0,0.840709,1.03
142718477,2.9479539214851994e+18,103.626528547506,-15.5677878044594,0.342382,14.9959,16.195,0.113,15.606,0.16,14.19,0.028,13.974,0.034,13.782,0.055,15.4825,0.000604,15.8592,0.004306,14.9185,0.005122,13.836,0.031,13.85,0.037,12.53,,8.945,,Theia3002,162.1810097358933,Kounkel2020,6730.0,1.99475,1.43
146988215,2.9481478134884127e+18,104.163301723853,-14.7842255830256,0.423438,15.5189,17.095,0.0,16.42,0.06,14.478,0.024,14.102,0.053,14.015,0.058,16.1897,0.000718,16.7679,0.007932,15.4691,0.002817,13.938,0.027,13.937,0.038,12.735,,8.358,,Theia3002,162.1810097358933,Kounkel2020,5548.0,1.79236,0.98
142532861,2.9495795794887107e+18,103.40361388321,-13.7388924006304,0.385199,14.8562,15.496,0.109,15.528,0.069,14.081,0.029,13.832,0.037,13.716,0.04,15.3448,0.000925,15.7129,0.004573,14.7758,0.002867,13.644,0.026,13.717,0.036,12.511,,9.101,,Theia3002,162.1810097358933,Kounkel2020,6234.0,1.93838,1.21
146915611,2.949325940199064e+18,103.94767822097,-14.052628613941,0.393877,16.3911,18.376,0.122,17.2773,0.0478,15.318,0.055,14.865,0.075,14.928,0.133,17.007,0.001203,17.4831,0.031811,16.2949,0.003498,14.654,0.035,14.728,0.064,12.394,,8.895,,Theia3002,162.1810097358933,Kounkel2020,5962.0,1.15674,1.09
142403113,2.949219218853411e+18,103.03292574086,-13.7186267092737,0.475853,14.3557,15.527,0.027,14.816,0.115,13.705,0.022,13.493,0.034,13.365,0.039,14.7714,0.000479,15.0869,0.002219,14.2916,0.001517,13.419,0.025,13.404,0.029,12.375,,8.486,,Theia3002,162.1810097358933,Kounkel2020,6466.0,1.78651,1.32
142668592,2.9496066592630543e+18,103.470835926607,-13.3676371550529,0.292492,15.1087,16.25,-0.045,15.328,0.103,14.066,0.049,13.813,0.055,13.761,0.07,15.6254,0.000609,16.0001,0.017782,15.0003,0.009444,13.251,0.026,13.273,0.033,12.011,,9.038,,Theia3002,162.1810097358933,Kounkel2020,6688.0,,
142411290,2.949206780628049e+18,103.169637585131,-13.7251364174,0.234548,15.9588,,,16.172,0.128,15.208,0.101,15.106,0.171,14.996,0.172,16.3307,0.000838,16.6073,0.005324,15.8856,0.005939,,,,,,,,,Theia3002,162.1810097358933,Kounkel2020,7083.0,1.47886,1.57
142666938,2.9490067382287903e+18,103.452368466303,-14.0809011410326,0.517558,15.6045,17.055,0.118,16.247,0.275,14.703,0.043,14.469,0.051,14.274,0.086,16.157,0.000879,16.5973,0.005466,15.5351,0.003853,14.133,0.028,14.207,0.043,12.458,,8.935,,Theia3002,162.1810097358933,Kounkel2020,5928.0,1.1667,1.08
142525178,2.9496005088701583e+18,103.194320157269,-13.5272103986057,0.288301,15.8318,16.726,0.117,16.467,1.133,15.131,0.049,14.853,0.059,14.768,0.105,16.2479,0.000993,16.5657,0.00481,15.7651,0.003729,14.922,0.037,14.936,0.07,12.576,,9.077,,Theia3002,162.1810097358933,Kounkel2020,6717.0,1.42967,1.43
142526550,2.949702763450196e+18,103.235487444086,-12.9633058216838,0.487741,13.7394,15.253,0.076,14.373,0.103,12.89,0.026,12.608,0.032,12.53,0.029,14.2678,0.000342,14.6937,0.002166,13.6711,0.001177,12.367,0.023,12.37,0.023,12.637,0.53,8.511,,Theia3002,162.1810097358933,Kounkel2020,6679.0,2.71468,1.41
146871826,2.94937881983638e+18,103.808224592295,-13.8807220384563,0.551456,15.2548,16.811,0.065,16.069,0.069,14.433,0.034,14.124,0.044,13.886,0.057,15.8168,0.000764,16.2822,0.003786,15.201,0.002596,13.906,0.027,14.0,0.04,12.441,,8.845,,Theia3002,162.1810097358933,Kounkel2020,5825.0,1.30972,1.05
146871870,2.949375864898848e+18,103.906658790414,-13.8967618772899,0.341441,16.0839,17.441,0.121,16.8698,0.046,15.167,0.05,14.891,0.062,14.661,0.112,16.6435,0.000832,17.0969,0.006439,16.0187,0.004098,14.623,0.033,14.933,0.072,12.56,,9.145,,Theia3002,162.1810097358933,Kounkel2020,6250.0,1.36996,1.21
146984547,2.949433932856317e+18,104.120560571122,-13.3475550885643,0.705448,15.0706,16.665,0.0,15.764,0.16,14.256,0.041,13.918,0.056,13.741,0.052,15.6256,0.000776,16.0808,0.005003,15.011,0.002557,13.588,0.026,13.606,0.033,11.208,0.151,8.911,0.435,Theia3278,194.98445997580416,Kounkel2020,6326.0,1.08632,1.25
146987068,2.9492982763079537e+18,104.142832419771,-14.320221333455,0.984653,16.5341,18.868,0.117,17.7278,0.0477,15.254,0.056,14.668,0.135,14.426,0.115,17.2944,0.001429,17.915,0.022617,16.3852,0.009279,,,,,,,,,Theia3278,194.98445997580416,Kounkel2020,4471.0,,
147261624,2.949560479773287e+18,104.618057038947,-12.9896966843081,0.289333,15.0844,13.964,0.082,15.872,0.172,14.156,0.034,13.925,0.027,13.785,0.042,15.6278,0.000539,16.0579,0.003278,15.0101,0.00162,,,,,,,,,Theia3278,194.98445997580416,Kounkel2020,6408.0,2.43082,1.29
147263808,2.949345937566997e+18,104.634697583215,-13.8052879840914,0.768234,14.7802,16.51,0.113,15.734,0.149,13.835,0.026,13.435,0.027,13.403,0.042,15.4126,0.001409,15.9364,0.006041,14.7131,0.002973,13.27,0.03,13.295,0.035,12.099,,8.295,,Theia3278,194.98445997580416,Kounkel2020,5502.0,1.34847,0.97
147370095,2.9485611955017503e+18,104.705752215719,-14.3217064728858,0.731125,15.3876,17.012,0.139,16.258,0.172,14.507,0.035,14.227,0.042,13.973,0.06,15.9747,0.000882,16.4703,0.004945,15.3374,0.002742,13.966,0.027,14.013,0.04,12.431,,9.079,,Theia3278,194.98445997580416,Kounkel2020,5543.0,1.00075,0.98
146985307,2.9494076820163364e+18,104.141157066299,-13.6353855781756,0.700305,14.4142,15.799,0.132,15.107,0.286,13.718,0.026,13.48,0.027,13.36,0.04,14.8852,0.000389,15.2535,0.003424,14.3506,0.002129,13.319,0.025,13.351,0.034,12.498,,9.026,,Theia3278,194.98445997580416,Kounkel2020,6306.0,1.30948,1.24
147116870,2.9495319611906493e+18,104.25163796875,-13.1317557740407,0.525575,14.492,17.53,-0.128,15.84,0.08,13.13,0.027,12.446,0.022,12.236,0.027,15.4168,0.000568,16.3083,0.004012,14.4814,0.001487,12.118,0.024,12.158,0.024,12.471,0.44,9.015,0.457,Theia3278,194.98445997580416,Kounkel2020,4803.0,3.65138,
147263317,2.949453964585478e+18,104.607571008835,-13.6395067838982,0.720753,14.6888,16.229,0.066,15.396,0.137,13.88,0.026,13.562,0.032,13.384,0.037,15.2288,0.000693,15.6637,0.002376,14.6262,0.004389,13.411,0.026,13.375,0.03,12.165,,9.059,,Theia3278,194.98445997580416,Kounkel2020,5842.0,1.27131,1.05
147264414,2.9485879273777106e+18,104.632850234164,-14.0181285249906,0.700117,15.3271,17.193,0.0,16.117,0.172,14.397,0.024,13.98,0.029,13.941,0.055,15.9711,0.001073,16.5216,0.006564,15.2758,0.003929,13.795,0.024,13.868,0.037,12.528,,8.589,,Theia3278,194.98445997580416,Kounkel2020,5552.0,1.16392,0.98
147264612,2.9485814333871826e+18,104.557532017468,-14.0903966688337,0.753787,14.2066,15.503,0.112,14.823,0.126,13.528,0.03,13.221,0.023,13.14,0.037,14.6653,0.000533,15.0167,0.004728,14.1379,0.001219,13.113,0.024,13.142,0.029,12.643,,9.225,,Theia3278,194.98445997580416,Kounkel2020,6338.0,1.31848,1.25
147124627,2.9493620522843725e+18,104.312518750715,-13.7071512877084,0.634391,14.4716,15.901,0.123,15.076,0.069,13.739,0.031,13.424,0.027,13.333,0.042,14.957,0.000437,15.3362,0.003967,14.4064,0.001812,13.328,0.024,13.369,0.031,12.128,,9.2,,Theia3278,194.98445997580416,Kounkel2020,6119.0,1.44609,1.15
147042222,2.9494097779603343e+18,104.265400206594,-13.6489018237479,1.30427,14.3556,15.475,0.112,15.074,0.217,13.587,0.026,13.185,0.027,13.143,0.033,14.9027,0.000949,15.3589,0.005022,14.3023,0.002636,13.06,0.033,13.099,0.038,12.752,,8.392,,Theia3278,194.98445997580416,Kounkel2020,5346.0,0.878637,0.92
147117976,2.949771414207098e+18,104.187947922449,-12.6802118642612,0.70595,13.174,14.575,0.115,13.847,0.114,12.306,0.026,12.126,0.022,11.973,0.023,13.6712,0.000262,14.0783,0.001199,13.0948,0.000968,11.905,0.022,11.899,0.023,11.476,0.21,8.989,,Theia3278,194.98445997580416,Kounkel2020,7528.0,2.35773,1.74
147123538,2.949526016955966e+18,104.319030093228,-13.2897404734336,0.863453,15.1741,16.833,0.095,16.166,0.103,14.304,0.041,13.894,0.053,13.82,0.067,15.7587,0.000776,16.2476,0.005162,15.1208,0.002211,13.516,0.026,13.61,0.037,12.644,,9.226,,Theia3278,194.98445997580416,Kounkel2020,5672.0,0.92314,1.01
147264348,2.948588270975088e+18,104.639471904393,-13.992907602762,0.622873,15.2205,17.083,0.0,16.005,0.149,14.303,0.032,13.969,0.041,13.789,0.048,15.8297,0.000743,16.3446,0.003945,15.1696,0.001957,13.81,0.026,13.82,0.039,12.343,,8.925,,Theia3278,194.98445997580416,Kounkel2020,5822.0,1.27203,1.05
147372484,2.949437093953957e+18,104.741855487715,-13.7652998026863,0.742212,13.6298,15.001,0.083,14.289,0.092,12.863,0.028,12.548,0.023,12.487,0.029,14.1418,0.000381,14.5481,0.002184,13.5642,0.001071,12.361,0.024,12.38,0.025,12.523,0.499,9.188,,Theia3278,194.98445997580416,Kounkel2020,6272.0,1.89246,1.22
147374448,2.949470182381708e+18,104.765099993454,-13.3103933402148,0.734361,13.6137,14.92,0.043,14.191,0.092,12.904,0.024,12.691,0.025,12.588,0.024,14.0873,0.000348,14.4582,0.002307,13.5522,0.001362,12.49,0.022,12.466,0.025,11.568,0.205,8.893,0.412,Theia3278,194.98445997580416,Kounkel2020,6041.0,1.83312,1.12
147372469,2.949437265752641e+18,104.759880552207,-13.7681614951129,0.767015,14.4798,16.181,0.04,15.306,0.103,13.657,0.024,13.311,0.022,13.24,0.033,15.0545,0.000626,15.5256,0.004249,14.4193,0.002137,13.174,0.025,13.22,0.032,12.356,,9.021,,Theia3278,194.98445997580416,Kounkel2020,5849.0,1.3835,1.06
147372797,2.949440701726448e+18,104.739533119864,-13.707743552292,0.702089,13.8736,15.28,0.044,14.521,0.092,13.119,0.022,12.882,0.022,12.808,0.026,14.376,0.000347,14.7775,0.001585,13.8095,0.001772,12.741,0.026,12.75,0.027,12.495,,8.627,,Theia3278,194.98445997580416,Kounkel2020,6512.0,1.74164,1.34
147427946,2.949439636574462e+18,104.877005852758,-13.6624585237104,0.67972,9.9289,11.949,0.192,10.972,0.016,8.868,0.024,8.306,0.047,8.154,0.016,10.6551,0.000359,11.3168,0.001481,9.89653,0.001308,8.046,0.024,8.108,0.019,8.044,0.022,8.057,0.195,Theia3278,194.98445997580416,Kounkel2020,5107.89,16.5539,
147428189,2.9486876049793746e+18,104.918533728226,-13.7508982844183,0.696771,15.7116,17.166,0.115,16.756,1.133,14.75,0.034,14.137,0.029,14.097,0.061,16.4013,0.000921,17.0063,0.006795,15.654,0.003718,13.905,0.028,13.955,0.039,12.299,,9.031,,Theia3278,194.98445997580416,Kounkel2020,4955.0,1.11504,0.82
147428580,2.9486846156821647e+18,104.817846702893,-13.8854922115133,0.720961,12.7584,13.604,0.066,13.132,0.092,12.161,0.026,12.046,0.022,11.986,0.026,13.0705,0.000304,13.3042,0.001534,12.6845,0.000731,11.809,0.023,11.816,0.022,12.012,0.303,9.149,,Theia3278,194.98445997580416,Kounkel2020,7637.0,2.14664,1.78
147428587,2.9486838554713805e+18,104.834468252685,-13.8877386615756,0.703312,14.4585,15.806,0.04,15.076,0.057,13.76,0.029,13.483,0.035,13.297,0.04,14.9284,0.000594,15.2945,0.002449,14.3904,0.001823,13.237,0.024,13.278,0.027,12.241,,8.462,,Theia3278,194.98445997580416,Kounkel2020,6541.0,1.2669,1.35
147428660,2.94868100791022e+18,104.919253720075,-13.9149864649483,0.714981,15.0255,16.713,0.118,15.908,0.115,14.067,0.044,13.77,0.061,13.594,0.057,15.6553,0.000823,16.1847,0.006355,14.9663,0.004115,13.51,0.037,13.484,0.043,12.414,,8.327,,Theia3278,194.98445997580416,Kounkel2020,5482.0,1.28957,0.96
147427310,2.949464513024924e+18,104.826157695313,-13.4261128280503,0.736538,13.6457,15.327,0.026,14.466,0.149,12.745,0.027,12.546,0.023,12.358,0.029,14.2421,0.000368,14.7343,0.002021,13.584,0.002008,12.282,0.023,12.281,0.025,12.008,0.279,9.021,0.451,Theia3278,194.98445997580416,Kounkel2020,5668.0,2.21196,1.01
147427982,2.949439670934235e+18,104.832457823476,-13.6769557485969,0.80079,11.524,12.263,0.04,11.912,0.057,10.988,0.023,10.916,0.022,10.81,0.019,11.8098,0.000293,12.0171,0.001609,11.4599,0.000861,10.759,0.025,10.766,0.022,10.675,0.095,8.481,,Theia3278,194.98445997580416,Kounkel2020,7308.0,3.29787,1.65
147428164,2.949437987307073e+18,104.877010793209,-13.7428664726801,0.661631,12.4955,13.444,0.04,12.981,0.092,11.854,0.024,11.686,0.022,11.583,0.021,12.8488,0.000353,13.1176,0.001414,12.4187,0.001016,11.534,0.024,11.543,0.021,11.707,0.199,8.568,,Theia3278,194.98445997580416,Kounkel2020,7559.0,2.79347,1.75
147428165,2.9494381591057777e+18,104.851911577727,-13.7431311286414,0.731952,14.6898,16.866,0.201,15.696,0.046,13.728,0.027,13.342,0.029,13.153,0.034,15.3565,0.000741,15.9258,0.002413,14.6331,0.001294,13.114,0.025,13.121,0.031,12.046,,8.757,,Theia3278,194.98445997580416,Kounkel2020,5418.0,1.55874,0.94
147428759,2.948586690427374e+18,104.861699650196,-13.9464118965104,0.750055,14.4425,16.188,0.121,15.146,0.08,13.614,0.027,13.254,0.027,13.187,0.04,15.0361,0.000511,15.5253,0.003084,14.3813,0.003502,13.076,0.025,13.046,0.027,12.721,,8.596,,Theia3278,194.98445997580416,Kounkel2020,5810.0,1.48212,1.04
147486651,2.94945149068406e+18,104.987748795593,-13.5106262629265,0.761234,12.7924,13.711,0.172,13.14,0.114,12.249,0.024,12.069,0.022,11.999,0.021,13.1044,0.000382,13.3291,0.001313,12.7262,0.001078,11.96,0.022,11.964,0.022,11.986,0.286,8.922,,Theia3278,194.98445997580416,Kounkel2020,7094.0,2.00119,1.57
147485952,2.9486923122640005e+18,105.044845698044,-13.7688495206312,0.693756,14.6977,16.365,0.043,15.439,0.137,13.861,0.029,13.606,0.022,13.524,0.032,15.2415,0.000601,15.6793,0.002701,14.634,0.001545,13.427,0.027,13.427,0.032,12.158,,8.933,,Theia3278,194.98445997580416,Kounkel2020,6032.0,1.30454,1.12
147042073,2.9494032839698284e+18,104.223251841562,-13.7028404922242,0.891486,13.8645,15.216,0.053,14.401,0.103,13.2,0.023,12.888,0.031,12.867,0.031,14.3235,0.000369,14.6859,0.002676,13.8071,0.002822,12.762,0.025,12.814,0.029,12.526,,8.653,,Theia3278,194.98445997580416,Kounkel2020,6289.0,1.31374,1.23
147126534,2.948547589045003e+18,104.423903222169,-14.4115669949073,0.75855,15.3906,17.371,0.113,16.524,0.32,14.34,0.032,13.924,0.033,13.769,0.045,16.0952,0.00079,16.7247,0.005429,15.342,0.002631,13.717,0.027,13.768,0.039,12.602,,8.914,,Theia3278,194.98445997580416,Kounkel2020,4939.0,1.21781,0.81
147262570,2.949515154980587e+18,104.599360974069,-13.3475639208366,0.710512,15.89,17.889,0.114,17.025,0.0464,14.752,0.039,14.352,0.04,14.239,0.072,16.6345,0.001274,17.2899,0.012153,15.8422,0.005202,14.092,0.028,14.248,0.045,12.549,,8.606,,Theia3278,194.98445997580416,Kounkel2020,5388.0,1.04149,0.94
147264060,2.9493412947009024e+18,104.668476957033,-13.8924444762248,0.684368,15.0591,16.772,0.1,16.074,0.115,14.134,0.036,13.766,0.043,13.611,0.052,15.6719,0.000787,16.1805,0.005563,14.9986,0.003063,13.5,0.029,13.612,0.042,12.433,,8.159,,Theia3278,194.98445997580416,Kounkel2020,5881.0,1.25378,1.07
147128118,2.948091016841416e+18,104.405759595359,-15.0213193780647,0.716712,15.28,16.758,0.115,16.16,0.263,14.389,0.032,13.933,0.036,13.786,0.047,15.8838,0.000664,16.3897,0.002855,15.2246,0.002615,13.786,0.029,13.924,0.039,12.584,,9.074,,Theia3278,194.98445997580416,Kounkel2020,5632.0,1.08721,1.0
147254492,2.949509416904108e+18,104.469813989171,-13.4104141212522,0.718134,15.1894,16.184,0.161,15.617,0.252,13.18,,13.945,0.073,13.897,0.085,15.7465,0.00071,16.2039,0.006041,15.1321,0.002638,,,,,,,,,Theia3278,194.98445997580416,Kounkel2020,5750.0,1.04833,1.03
147262316,2.9495181829362207e+18,104.657824009954,-13.2492054609807,1.14765,16.5774,19.682,0.187,18.0339,0.0483,15.324,0.048,14.726,0.066,14.412,0.093,17.4748,0.001633,18.3221,0.02337,16.5736,0.006844,14.439,0.03,14.604,0.053,12.404,,9.072,,Theia3278,194.98445997580416,Kounkel2020,4024.0,0.660064,0.634616
147262729,2.9495088327897733e+18,104.589726223789,-13.4014264964948,1.21754,14.4739,14.026,0.093,14.752,0.229,13.725,0.033,13.286,0.027,13.219,0.033,15.0076,0.000405,15.441,0.004002,14.415,0.00143,13.208,0.053,13.233,0.057,12.221,,8.496,,Theia3278,194.98445997580416,Kounkel2020,5640.0,0.848418,1.0
147263410,2.949453311750465e+18,104.617267984173,-13.671556216439,0.687156,12.3853,13.014,0.023,12.689,0.08,11.896,0.026,11.789,0.027,11.691,0.023,12.6279,0.000297,12.8089,0.000895,12.3104,0.001372,11.643,0.023,11.651,0.022,12.06,0.301,9.105,,Theia3278,194.98445997580416,Kounkel2020,8121.0,2.44624,1.98
147263451,2.949441659497053e+18,104.661786551066,-13.6848705135283,0.841504,15.9471,17.49,0.116,16.9556,0.0462,14.931,0.036,14.425,0.058,14.476,0.099,16.6248,0.000954,17.2203,0.010417,15.8953,0.003675,14.269,0.028,14.34,0.046,12.742,,8.76,,Theia3278,194.98445997580416,Kounkel2020,5036.0,0.813298,0.84
147263498,2.949441285842035e+18,104.657448415472,-13.6999017668884,0.669804,14.0184,15.395,0.055,14.617,0.069,13.273,0.024,12.982,0.024,12.943,0.027,14.5063,0.000391,14.8869,0.003542,13.9489,0.001363,12.834,0.023,12.886,0.026,12.018,,9.205,,Theia3278,194.98445997580416,Kounkel2020,6432.0,1.67317,1.3
147375718,2.9495491410596096e+18,104.689455758659,-13.0124036479802,0.373968,16.0893,17.682,0.117,16.644,1.133,15.171,0.04,14.909,0.07,14.975,0.131,16.7035,0.000927,17.2239,0.005823,16.0386,0.003821,14.665,0.031,14.802,0.064,12.596,,9.198,,Theia3278,194.98445997580416,Kounkel2020,6111.0,1.3764,1.15
147426828,2.949493547003693e+18,104.876794786679,-13.2535107586937,0.69336,14.1831,15.559,0.049,14.802,0.092,13.425,0.026,13.179,0.027,13.017,0.027,14.6769,0.000476,15.066,0.003172,14.1163,0.003471,12.939,0.025,12.943,0.028,11.905,,9.091,,Theia3278,194.98445997580416,Kounkel2020,6421.0,1.51311,1.29
147428316,2.9486868147054e+18,104.907514865473,-13.7975678075828,0.707243,11.6802,12.992,0.533,12.254,0.038,11.125,0.026,10.986,0.022,10.905,0.021,11.9863,0.000315,12.2084,0.002005,11.6102,0.00137,10.821,0.022,10.847,0.019,10.719,0.084,8.603,,Theia3278,194.98445997580416,Kounkel2020,7329.0,3.56194,1.66
147428475,2.948684821840589e+18,104.829840577513,-13.8461764848427,0.732723,14.0319,15.813,0.079,14.845,0.137,13.13,0.026,12.807,0.022,12.672,0.027,14.6294,0.000462,15.1216,0.003703,13.9693,0.001556,12.639,0.024,12.636,0.025,12.041,0.31,8.939,,Theia3278,194.98445997580416,Kounkel2020,5677.0,1.86048,1.01
147485201,2.948666267582489e+18,105.015458484961,-14.0461361642603,0.709447,13.7733,15.095,0.057,14.349,0.092,13.054,0.022,12.855,0.023,12.75,0.03,14.2448,0.000295,14.6208,0.001382,13.7085,0.001098,12.68,0.024,12.697,0.026,12.451,0.462,8.916,,Theia3278,194.98445997580416,Kounkel2020,6804.0,1.71988,1.46
147582165,2.949448329588103e+18,105.055664084577,-13.5247874824477,0.79264,16.4972,19.22,0.11,17.7536,0.0462,15.28,0.049,14.801,0.068,14.541,0.095,17.293,0.001316,18.0288,0.008125,16.4492,0.004943,14.538,0.032,14.594,0.055,12.67,,9.124,,Theia3278,194.98445997580416,Kounkel2020,4675.0,0.836149,0.75
147707254,3.0455648873094543e+18,105.35506147516,-13.1019106340208,0.658272,15.8705,17.759,0.117,16.9532,0.0462,14.801,0.042,14.224,0.043,14.079,0.059,16.5896,0.001487,17.2076,0.009438,15.8138,0.004724,,,,,,,,,Theia3278,194.98445997580416,Kounkel2020,5674.0,1.0664,1.01
147371903,2.9485909166749143e+18,104.726698984451,-13.9020765934906,0.685897,13.68,14.762,0.078,14.261,0.08,13.075,0.024,12.82,0.022,12.804,0.033,14.0974,0.000325,14.4177,0.002475,13.6143,0.002725,12.676,0.024,12.731,0.027,12.382,,8.579,,Theia3278,194.98445997580416,Kounkel2020,6725.0,1.71726,1.43
147372753,2.94944059864725e+18,104.714758014148,-13.7165981569641,0.774599,15.6965,17.167,0.116,16.175,0.172,14.742,0.036,14.354,0.047,14.352,0.079,16.3317,0.001139,16.879,0.006313,15.6395,0.00282,14.103,0.028,14.157,0.044,12.471,,9.095,,Theia3278,194.98445997580416,Kounkel2020,5066.0,0.925666,0.85
147427968,2.949444618736511e+18,104.91967628895,-13.6717026809625,0.70891,13.7042,14.976,0.0,14.392,0.114,12.94,0.022,12.757,0.028,12.644,0.029,14.1663,0.000302,14.5255,0.001885,13.6328,0.001331,12.549,0.026,12.586,0.027,12.234,0.312,8.897,,Theia3278,194.98445997580416,Kounkel2020,6760.0,1.75368,1.45
147428261,2.949437742491075e+18,104.853233292563,-13.779934402581,0.83788,12.7128,11.6,,13.2026,0.0459,12.048,0.033,11.841,0.031,11.791,0.024,13.0888,0.000406,13.3541,0.003366,12.6283,0.002155,11.8,0.081,11.807,0.08,11.669,0.283,7.726,,Theia3278,194.98445997580416,Kounkel2020,6925.0,2.079,1.51
147428264,2.949437742486718e+18,104.852166061907,-13.7804829753138,0.678867,11.0261,11.611,0.185,11.359,0.014,10.501,0.036,10.402,0.042,10.338,0.033,11.2738,0.000548,11.4616,0.001759,10.9474,0.000838,10.214,0.028,10.242,0.027,10.136,0.075,8.445,,Theia3278,194.98445997580416,Kounkel2020,8283.0,4.68169,2.04
147428637,2.948683791042049e+18,104.839945070704,-13.905423479335,0.834924,15.6231,16.957,0.131,16.603,0.343,14.59,0.07,14.062,0.029,13.97,0.068,16.3409,0.000856,16.9847,0.011359,15.5781,0.002733,13.81,0.045,13.86,0.05,11.666,,8.432,,Theia3278,194.98445997580416,Kounkel2020,4984.0,1.01059,0.82
147428962,2.9485858271339377e+18,104.82101487393,-14.0208930653764,0.675683,12.2251,12.609,0.428,12.552,0.08,11.771,0.024,11.648,0.021,11.583,0.021,12.4609,0.000218,12.6392,0.00205,12.1514,0.001684,11.545,0.022,11.56,0.022,11.801,0.267,8.936,,Theia3278,194.98445997580416,Kounkel2020,8202.0,2.66104,2.01
147483350,2.9484660190271e+18,104.959774230902,-14.7400695036035,1.24164,15.1563,17.597,-0.166,16.089,0.172,14.251,0.029,13.697,0.022,13.51,0.041,15.8262,0.000722,16.4295,0.005164,15.1078,0.00246,13.395,0.024,13.556,0.031,12.038,,9.043,,Theia3278,194.98445997580416,Kounkel2020,4791.0,0.813515,0.77
147485647,2.9486824123620434e+18,104.992680464022,-13.8852622281611,0.702111,13.8544,14.947,0.1,14.34,0.092,13.23,0.027,12.984,0.038,12.933,0.041,14.2719,0.000304,14.5867,0.002154,13.7888,0.000831,12.828,0.024,12.823,0.027,12.006,,8.608,,Theia3278,194.98445997580416,Kounkel2020,6408.0,1.55787,1.29
147485653,2.948681179708881e+18,104.951801411609,-13.8828402985126,0.691938,12.6355,13.353,0.036,12.974,0.069,12.128,0.026,11.99,0.022,11.97,0.026,12.8978,0.000377,13.0973,0.002151,12.5627,0.001597,11.898,0.024,11.922,0.023,11.896,0.308,8.951,,Theia3278,194.98445997580416,Kounkel2020,8040.0,2.22005,1.95
147482943,2.948272023945339e+18,105.021139892104,-14.9012469394845,0.71199,15.366,16.503,0.115,16.104,0.161,14.454,0.036,14.129,0.048,14.205,0.077,15.9571,0.001041,16.4506,0.005039,15.3087,0.004305,13.864,0.027,13.889,0.041,12.562,,9.181,,Theia3278,194.98445997580416,Kounkel2020,5471.0,1.05088,0.96
147581847,2.949475989177393e+18,105.066684741163,-13.402365819246,0.443267,14.91,16.323,0.113,15.701,0.115,14.153,0.027,13.883,0.022,13.767,0.045,15.3991,0.000759,15.783,0.003635,14.8378,0.001735,,,,,,,,,Theia3278,194.98445997580416,Kounkel2020,6701.0,1.64209,1.42
147582394,2.9486955420792617e+18,105.158032702556,-13.5978500735294,0.829465,14.1768,14.641,0.104,14.704,0.08,13.566,0.027,13.316,0.024,13.205,0.032,14.6112,0.00046,14.9453,0.001881,14.1142,0.001596,13.112,0.025,13.138,0.03,12.538,0.465,9.008,,Theia3278,194.98445997580416,Kounkel2020,6374.0,1.17273,1.27
147583005,2.948688287877761e+18,105.110443537255,-13.8159270379135,0.624482,16.106,17.811,0.117,17.1006,0.0462,15.13,0.039,14.633,0.038,14.473,0.093,16.7783,0.000974,17.3547,0.010906,16.0481,0.005321,14.556,0.028,14.731,0.056,12.598,,9.18,,Theia3278,194.98445997580416,Kounkel2020,5279.0,0.97516,0.91
147370740,2.9485764168657505e+18,104.744390996427,-14.176165089976,0.70386,14.7902,15.743,0.111,15.465,0.137,14.044,0.027,13.667,0.032,13.62,0.045,15.299,0.000776,15.701,0.00292,14.7253,0.002602,13.58,0.026,13.57,0.032,12.829,,9.097,,Theia3278,194.98445997580416,Kounkel2020,5977.0,1.17848,1.1
147371805,2.948590431342008e+18,104.720258273539,-13.9241811586181,0.734785,14.8244,16.447,0.042,15.573,0.092,14.0,0.026,13.683,0.038,13.449,0.034,15.3815,0.000792,15.8247,0.004168,14.7533,0.004742,13.512,0.026,13.636,0.039,12.61,,9.058,,Theia3278,194.98445997580416,Kounkel2020,5907.0,1.19588,1.07
147373361,2.949455953150893e+18,104.709481827062,-13.5765749877136,0.614747,16.0175,17.972,0.115,16.734,1.133,14.935,0.039,14.478,0.045,14.481,0.089,16.7766,0.001148,17.4517,0.009393,15.9767,0.003994,14.275,0.03,14.39,0.051,12.255,,9.122,,Theia3278,194.98445997580416,Kounkel2020,5488.0,1.14886,0.96
147427431,2.949462691959157e+18,104.81782689704,-13.4781594608282,0.682812,13.4863,15.074,0.018,14.296,0.137,12.62,0.024,12.35,0.021,12.263,0.026,14.0506,0.000319,14.5159,0.001369,13.4202,0.001379,12.158,0.023,12.161,0.024,12.265,0.33,9.276,,Theia3278,194.98445997580416,Kounkel2020,6761.0,2.32813,1.45
147427858,2.949445645226788e+18,104.901479381324,-13.6316760883088,0.724046,15.2968,16.759,0.114,16.189,0.115,14.381,0.03,13.973,0.04,13.935,0.068,15.9203,0.000752,16.4413,0.005765,15.237,0.002333,13.724,0.027,13.817,0.037,12.11,,9.174,,Theia3278,194.98445997580416,Kounkel2020,5624.0,1.09911,1.0
147428009,2.949439430416052e+18,104.869039356493,-13.6848733351989,0.729295,13.0425,13.858,0.043,13.434,0.092,12.479,0.023,12.322,0.021,12.276,0.024,13.3599,0.000302,13.5953,0.001954,12.9709,0.001096,12.173,0.024,12.193,0.022,12.069,0.31,8.949,,Theia3278,194.98445997580416,Kounkel2020,7457.0,1.8747,1.71
147428697,2.9486805912959114e+18,104.903844690216,-13.9258535314887,0.717599,12.0941,13.157,0.049,12.631,0.057,11.439,0.026,11.258,0.023,11.186,0.021,12.4892,0.000209,12.793,0.002085,12.0238,0.000722,11.083,0.023,11.075,0.021,10.9,0.099,9.024,,Theia3278,194.98445997580416,Kounkel2020,7141.0,3.29797,1.59
147040985,2.949310787554942e+18,104.29880323426,-14.114330462825,0.616178,15.604,14.348,0.081,14.68,0.15,14.683,0.041,14.31,0.052,13.251,,16.2093,0.000875,16.6934,0.010611,15.5257,0.00408,,,,,,,,,Theia3278,194.98445997580416,Kounkel2020,5711.0,1.07939,1.02
147124160,2.9494132783560166e+18,104.310179703345,-13.5275268915655,0.634645,15.7361,17.53,0.117,16.623,0.069,14.741,0.042,14.441,0.044,14.279,0.072,16.3826,0.001042,16.9517,0.018049,15.701,0.004696,14.235,0.029,14.296,0.053,12.542,,9.157,,Theia3278,194.98445997580416,Kounkel2020,5545.0,1.06887,0.98
147263368,2.94945355226864e+18,104.584045040754,-13.6559587054866,0.881347,12.8437,13.535,0.036,13.151,0.08,12.399,0.024,12.24,0.026,12.265,0.027,13.1,0.000515,13.2833,0.00263,12.7768,0.001159,12.197,0.023,12.238,0.025,12.105,0.313,9.158,,Theia3278,194.98445997580416,Kounkel2020,7561.0,1.56805,1.75
147371842,2.949341127203664e+18,104.698815661305,-13.9159362392061,0.460119,14.71,16.334,0.057,15.518,0.126,13.854,0.026,13.594,0.023,13.469,0.037,15.2639,0.000814,15.7089,0.001731,14.6423,0.001801,13.078,0.024,13.103,0.026,12.257,,9.131,,Theia3278,194.98445997580416,Kounkel2020,6224.0,1.93239,1.2
147429193,2.9485725299151923e+18,104.897785959548,-14.1014768671275,0.721597,12.6479,13.266,0.05,12.913,0.092,12.157,0.023,12.095,0.022,12.024,0.025,12.8677,0.00033,13.0363,0.001441,12.5682,0.00113,11.976,0.023,11.989,0.023,11.745,0.252,8.767,,Theia3278,194.98445997580416,Kounkel2020,8566.0,2.01588,2.14
147486696,2.9494513833033185e+18,104.950825003873,-13.4928039597099,0.434236,14.1551,14.861,0.038,14.47,0.057,13.307,0.032,13.053,0.029,13.005,0.034,14.5848,0.00076,14.8376,0.007648,13.9881,0.01066,12.789,0.024,12.776,0.027,12.204,0.321,8.277,,Theia3278,194.98445997580416,Kounkel2020,7528.0,2.16483,1.74
147582886,2.948689421749193e+18,105.084309669501,-13.7718813005048,0.753515,16.3324,17.893,0.12,17.3937,0.0462,15.32,0.047,14.815,0.063,14.759,0.116,17.0365,0.001285,17.6686,0.009774,16.288,0.004624,14.455,0.03,14.432,0.051,12.791,,9.22,,Theia3278,194.98445997580416,Kounkel2020,4962.0,0.796957,0.82
147584192,2.9485194484194253e+18,105.131470452982,-14.2426360140021,0.840377,15.8931,16.53,0.118,16.611,1.133,14.907,0.05,14.522,0.074,14.423,0.096,16.5486,0.000814,17.1202,0.007861,15.8443,0.005851,14.123,0.027,14.215,0.042,12.701,,9.181,,Theia3278,194.98445997580416,Kounkel2020,5180.0,0.794056,0.88
147641616,2.948675299893225e+18,105.234279766259,-13.8848273319746,0.374604,16.0352,17.437,0.118,16.8787,0.046,15.189,0.043,14.751,0.065,14.6,0.097,16.6275,0.000967,17.1175,0.006251,15.9759,0.004448,14.645,0.029,14.886,0.069,12.657,,9.079,,Theia3278,194.98445997580416,Kounkel2020,5764.0,1.38974,1.03
147708002,2.9487284930681385e+18,105.409455426148,-13.3823608464832,0.503729,14.3275,15.227,0.109,14.744,0.08,13.626,0.023,13.436,0.022,13.345,0.036,14.7116,0.000469,15.0098,0.003175,14.2411,0.002142,13.006,0.025,13.048,0.03,11.991,,8.393,0.306,Theia3278,194.98445997580416,Kounkel2020,7823.0,1.63813,1.86
147708519,2.9487171199948314e+18,105.416802164231,-13.5618870412241,0.459728,15.0649,16.536,0.114,15.686,0.389,14.291,0.029,13.987,0.038,13.926,0.059,15.5686,0.000893,15.9681,0.00491,14.9994,0.00398,13.875,0.03,13.943,0.044,12.614,,9.061,,Theia3278,194.98445997580416,Kounkel2020,6378.0,1.52105,1.27
147708538,2.948716982555896e+18,105.378157006442,-13.5670041823766,0.457238,16.1312,17.685,0.117,17.0011,0.046,15.156,0.041,14.8,0.049,14.634,0.111,16.7381,0.001054,17.2375,0.003207,16.0668,0.005786,,,,,,,,,Theia3278,194.98445997580416,Kounkel2020,5705.0,1.14238,1.02
147708762,2.9487046474098534e+18,105.401053473588,-13.6440978596172,0.470127,12.8789,13.604,0.048,13.232,0.08,12.314,0.024,12.195,0.022,12.159,0.023,13.135,0.000327,13.3263,0.00172,12.7925,0.001672,12.033,0.024,12.051,0.023,11.467,0.209,8.909,,Theia3278,194.98445997580416,Kounkel2020,8368.0,2.86272,2.07
147428716,2.948680595594241e+18,104.893629791534,-13.932361636427,0.835474,15.8768,17.857,0.114,16.914,0.0462,14.911,0.034,14.48,0.027,14.342,0.08,16.5702,0.000952,17.1829,0.0093,15.8303,0.006083,14.245,0.03,14.334,0.049,12.734,,9.075,,Theia3278,194.98445997580416,Kounkel2020,5138.0,0.853282,0.87
147484028,2.94850584196376e+18,105.012288740213,-14.4942908337883,0.447232,11.9692,14.77,0.064,13.259,0.069,10.633,0.024,10.022,0.027,9.845,0.023,12.8281,0.000429,13.6554,0.002669,11.9442,0.001234,9.699,0.023,9.745,0.02,9.611,0.044,8.986,,Theia3278,194.98445997580416,Kounkel2020,4602.0,12.7603,
147582199,2.948720246730793e+18,105.152620102562,-13.5345848044699,0.722106,13.5376,14.557,0.053,13.991,0.114,12.971,0.024,12.818,0.029,12.728,0.03,13.9139,0.00028,14.198,0.001337,13.4764,0.001316,12.657,0.023,12.673,0.026,12.292,0.361,8.839,,Theia3278,194.98445997580416,Kounkel2020,6719.0,1.64499,1.43
147583112,2.9486823092832256e+18,105.060011086902,-13.8476674262865,0.739502,16.5238,18.604,0.121,17.6878,0.0465,15.377,0.057,14.799,0.065,14.793,0.127,17.2772,0.00123,17.9713,0.012841,16.4847,0.006947,14.512,0.031,14.552,0.056,12.008,,8.81,,Theia3278,194.98445997580416,Kounkel2020,4806.0,0.818246,0.78
147700589,2.9494748209461504e+18,105.22265380407,-13.3545496449561,1.37059,16.0772,19.405,0.181,17.5996,0.0464,14.885,0.03,14.189,0.022,14.065,0.067,17.0024,0.001121,17.8882,0.009797,16.0785,0.004633,13.954,0.031,14.043,0.042,12.636,,8.946,,Theia3278,194.98445997580416,Kounkel2020,3956.0,0.654547,0.630524
147707725,2.949482135268282e+18,105.378313378635,-13.2788666194753,0.409156,15.7218,17.273,-0.111,16.528,1.133,14.759,0.063,14.409,0.08,14.315,0.093,16.3012,0.000847,16.7633,0.007245,15.6433,0.004601,13.946,0.041,13.918,0.052,12.484,,8.255,,Theia3278,194.98445997580416,Kounkel2020,6450.0,1.40932,1.31
147583807,2.948662861670972e+18,105.057537377754,-14.1062062396767,0.63225,16.0843,18.317,0.111,17.1762,0.046,15.015,0.034,14.526,0.048,14.382,0.087,16.8049,0.001345,17.4449,0.005266,16.0355,0.005318,14.311,0.03,14.414,0.057,11.731,0.246,9.128,,Theia3278,194.98445997580416,Kounkel2020,5057.0,1.07142,0.84
147638573,2.948254569198244e+18,105.222017740932,-15.0402039019165,1.04691,11.0684,11.712,0.244,11.571,0.021,10.507,0.023,10.348,0.022,10.295,0.021,11.4223,0.000435,11.692,0.001182,11.0123,0.000779,10.227,0.024,10.237,0.021,10.229,0.069,9.185,,Theia3278,194.98445997580416,Kounkel2020,6830.0,3.4631,1.47
147700615,2.9494800092666e+18,105.27953872324,-13.3437706533009,0.622987,16.0324,17.704,0.115,16.9843,0.046,15.065,0.033,14.606,0.042,14.543,0.104,16.6823,0.00092,17.2383,0.006244,15.9765,0.004353,14.4,0.031,14.493,0.059,12.601,,8.997,,Theia3278,194.98445997580416,Kounkel2020,5302.0,0.984513,0.91
147707586,2.9494833078013486e+18,105.335724628933,-13.2297099512133,0.413681,13.2152,14.087,0.053,13.708,0.103,12.531,0.023,12.37,0.025,12.295,0.026,13.5461,0.000241,13.7892,0.001507,13.135,0.001141,12.235,0.024,12.259,0.024,12.28,0.371,8.872,,Theia3278,194.98445997580416,Kounkel2020,7551.0,3.02852,1.75
147707954,2.94872931770186e+18,105.388522721214,-13.3681102492991,0.429191,15.6481,,,16.5819,0.046,14.671,0.033,14.333,0.041,14.19,0.075,16.2897,0.000911,16.8259,0.003262,15.5864,0.006281,14.136,0.03,14.233,0.049,12.748,,8.285,,Theia3278,194.98445997580416,Kounkel2020,6065.0,1.55062,1.13
147708102,2.9487279089526067e+18,105.40213845535,-13.4202881602867,0.445188,12.4413,13.426,0.109,12.844,0.08,11.827,0.023,11.663,0.022,11.598,0.023,12.7353,0.000306,12.9572,0.002259,12.3539,0.001225,11.525,0.024,11.535,0.021,11.98,0.273,9.137,,Theia3278,194.98445997580416,Kounkel2020,8200.0,3.92474,2.01
147709695,2.9486237602852424e+18,105.389264370716,-13.9787635407802,0.646173,15.2908,17.237,0.113,16.233,0.252,14.408,0.03,13.986,0.045,13.79,0.055,15.9157,0.00092,16.4489,0.004037,15.238,0.002934,13.734,0.024,13.92,0.038,12.315,,8.932,,Theia3278,194.98445997580416,Kounkel2020,5354.0,1.26485,0.93
147707597,2.9494834452402857e+18,105.367946727377,-13.2331812560998,0.514083,15.1728,16.683,0.124,15.92,0.252,14.35,0.03,14.062,0.044,13.976,0.055,15.6889,0.000756,16.1,0.002739,15.1089,0.002105,13.886,0.028,13.859,0.04,12.67,,8.671,,Theia3278,194.98445997580416,Kounkel2020,6185.0,1.33489,1.18
147708062,2.9487283212694543e+18,105.416342612613,-13.4056955945177,0.264555,15.9394,17.833,0.115,16.7814,0.0463,15.028,0.034,14.666,0.051,14.55,0.094,16.5305,0.000958,17.0137,0.014492,15.8728,0.003256,14.497,0.032,14.6,0.054,12.749,,8.664,,Theia3278,194.98445997580416,Kounkel2020,6266.0,1.88964,1.22
147709095,2.948677911231627e+18,105.332661375798,-13.7623856788429,0.419933,12.2528,12.321,0.48,12.031,0.036,11.734,0.024,11.613,0.022,11.58,0.019,12.4823,0.000244,12.655,0.001443,12.1708,0.000905,11.519,0.024,11.543,0.025,11.331,0.171,8.921,,Theia3278,194.98445997580416,Kounkel2020,8462.0,4.10749,2.1
147840662,2.9487049523487027e+18,105.481157588477,-13.6039562899289,0.400809,14.3116,15.19,0.024,14.842,0.058,13.607,0.032,13.405,0.038,13.34,0.041,14.7056,0.000411,15.0053,0.002318,14.2347,0.001913,13.287,0.028,13.303,0.034,11.877,,8.296,,Theia3278,194.98445997580416,Kounkel2020,7261.0,2.06249,1.64
148032983,2.948437706605022e+18,105.908147301415,-14.1776966425252,0.352859,12.7274,15.391,0.13,13.927,0.114,11.432,0.024,10.791,0.022,10.607,0.021,13.5446,0.000303,14.3147,0.001821,12.6927,0.000786,10.518,0.023,10.589,0.021,10.428,0.076,8.487,,Theia3278,194.98445997580416,Kounkel2020,4680.0,10.3835,
148500600,3.044752004619115e+18,106.489486409318,-13.4362563748412,0.784342,14.3754,15.883,0.085,14.961,0.103,13.574,0.024,13.267,0.033,13.159,0.038,14.9014,0.000468,15.3264,0.002533,14.3165,0.001472,13.125,0.024,13.157,0.028,12.744,,8.801,,Theia3278,194.98445997580416,Kounkel2020,5956.0,1.31451,1.09
147485435,2.948679564801227e+18,104.927842897254,-13.9593188568646,0.660443,13.5625,15.222,0.062,14.39,0.08,12.698,0.024,12.414,0.022,12.313,0.024,14.1426,0.000306,14.6193,0.00231,13.5018,0.000784,12.2,0.023,12.212,0.022,12.584,0.49,9.046,,Theia3278,194.98445997580416,Kounkel2020,6061.0,2.41922,1.13
147485787,2.9486858182735247e+18,104.964034843918,-13.8355740207371,0.697457,13.5457,14.565,0.041,14.031,0.126,12.921,0.03,12.738,0.027,12.715,0.032,13.9194,0.000276,14.2002,0.00177,13.4811,0.001462,12.542,0.025,12.559,0.025,12.328,0.398,9.286,,Theia3278,194.98445997580416,Kounkel2020,6845.0,1.68548,1.48
147485865,2.9486862993098424e+18,104.969217906885,-13.8028198289021,0.716492,14.4031,15.84,0.113,15.048,0.092,13.575,0.026,13.246,0.022,13.16,0.036,14.9385,0.000638,15.3675,0.003405,14.3388,0.001545,13.048,0.025,13.111,0.029,12.291,,9.154,0.513,Theia3278,194.98445997580416,Kounkel2020,5775.0,1.45486,1.03
147485656,2.948682412362043e+18,105.005177759471,-13.88241339861,0.655543,11.7348,12.044,0.312,12.175,0.037,11.338,0.026,11.252,0.022,11.195,0.019,11.9146,0.00028,12.0437,0.001409,11.6684,0.000963,11.142,0.023,11.175,0.02,11.113,0.119,9.119,,Theia3278,194.98445997580416,Kounkel2020,8164.0,3.15706,1.99
147848115,3.0455746111151165e+18,105.561172757849,-12.8739846430063,0.720817,16.2253,18.151,0.117,17.2448,0.046,15.237,0.043,14.633,0.038,14.664,0.11,16.9105,0.000922,17.5133,0.006603,16.1808,0.004828,14.656,0.033,14.741,0.069,12.248,,8.93,,Theia3278,194.98445997580416,Kounkel2020,5269.0,0.819152,0.9
147966564,3.0448103474542853e+18,105.687348677857,-13.1532693101415,1.39611,14.9528,16.708,0.113,15.81,0.229,14.048,0.029,13.568,0.022,13.455,0.041,15.5808,0.000652,16.1245,0.003154,14.8928,0.001756,13.144,0.025,13.173,0.033,12.083,0.297,9.098,,Theia3278,194.98445997580416,Kounkel2020,4916.0,0.73678,0.81
747775022,2.9486350345805906e+18,105.809374315119,-13.8902696539588,0.528579,15.8829,,,16.7992,0.0465,,,,,,,16.5144,0.001123,17.0157,0.009241,15.7933,0.015278,,,,,,,,,Theia3278,194.98445997580416,Kounkel2020,5453.0,,
747940035,2.949437781148668e+18,104.86749197603,-13.7728652595337,0.749339,13.1645,,,13.6881,0.0459,,,,,,,13.5615,0.000468,13.8408,0.008593,13.067,0.005854,,,,,,,,,Theia3278,194.98445997580416,Kounkel2020,7171.0,1.93465,1.6
147485309,2.9486672253578363e+18,105.009079529682,-14.008415551294,0.701275,16.4102,18.99,0.109,17.6356,0.0465,15.238,0.041,14.599,0.051,14.634,0.098,17.1966,0.001157,17.8925,0.013495,16.3524,0.004885,14.326,0.032,14.323,0.052,12.656,,9.233,,Theia3278,194.98445997580416,Kounkel2020,5051.0,0.922887,0.84
147486111,2.948692793300309e+18,105.030484013088,-13.7128178430813,0.574998,14.3742,15.369,0.111,15.001,0.08,13.517,0.024,13.18,0.029,13.124,0.037,14.9396,0.000483,15.396,0.002331,14.3081,0.00267,12.877,0.025,12.96,0.028,12.435,0.432,8.718,,Theia3278,194.98445997580416,Kounkel2020,5878.0,1.8853,1.06
147581985,2.949472480181603e+18,105.116334753574,-13.45073655211,,16.5333,17.914,0.12,17.6071,0.0493,15.217,0.049,14.548,0.063,14.666,0.133,17.2337,0.001632,17.7338,0.028364,16.3201,0.023024,14.08,0.026,14.296,0.04,12.072,,8.698,,Theia3278,194.98445997580416,Kounkel2020,,,
147582521,2.9486957138780063e+18,105.089721454262,-13.6401487354526,0.287725,16.5418,17.7,0.134,17.257,0.0461,15.666,0.077,15.392,0.088,14.886,,17.0601,0.00105,17.4675,0.009739,16.4696,0.006388,,,,,,,,,Theia3278,194.98445997580416,Kounkel2020,6397.0,1.20581,1.28
147582688,2.948693136897681e+18,105.055734568473,-13.7084832528675,0.690324,16.6204,18.237,0.12,17.7007,0.0484,15.406,0.05,14.847,0.058,14.566,0.089,17.3345,0.001311,17.8901,0.030056,16.4911,0.009809,14.694,0.037,14.824,0.066,12.532,0.533,8.624,,Theia3278,194.98445997580416,Kounkel2020,4995.0,0.774107,0.83
147584090,2.948520410492085e+18,105.124789193933,-14.2095181647028,0.744274,15.9189,17.718,0.117,16.853,0.046,14.996,0.041,14.571,0.049,14.394,0.09,16.5599,0.0009860001,17.1137,0.005755,15.8721,0.002935,14.299,0.03,14.558,0.058,12.627,,8.746,,Theia3278,194.98445997580416,Kounkel2020,5414.0,0.843685,0.94
147039220,2.948147641690188e+18,104.234521203338,-14.7864815116498,0.716664,13.9738,14.592,0.108,14.727,0.137,13.202,0.026,12.932,0.029,12.832,0.03,14.4615,0.000396,14.8489,0.001346,13.906,0.002196,12.782,0.026,12.839,0.028,12.779,0.525,8.971,,Theia3278,194.98445997580416,Kounkel2020,6723.0,1.59114,1.43
147039700,2.948163374154288e+18,104.192720820969,-14.6008944798101,1.42212,16.4335,19.481,0.185,18.353,0.0479,15.129,0.041,14.396,0.051,14.137,0.061,17.5099,0.001425,18.6257,0.017541,16.4622,0.005338,14.141,0.027,14.254,0.044,11.862,,8.867,,Theia3278,194.98445997580416,Kounkel2020,3641.0,0.627229,0.609759
147263577,2.949441109741176e+18,104.616332377161,-13.725706197442,0.219056,15.9884,17.367,0.119,16.9108,0.046,14.943,0.045,14.658,0.056,14.328,0.077,16.6239,0.000884,17.1569,0.006138,15.9296,0.003397,14.449,0.03,14.458,0.049,12.624,,9.056,,Theia3278,194.98445997580416,Kounkel2020,5743.0,2.34605,1.03
147371017,2.948582803479793e+18,104.753959756134,-14.1096172743361,0.723315,14.8652,16.349,0.113,15.583,0.16,14.032,0.027,13.76,0.028,13.676,0.053,15.423,0.000687,15.8771,0.003904,14.8038,0.003016,13.547,0.025,13.581,0.034,12.423,,9.064,,Theia3278,194.98445997580416,Kounkel2020,5749.0,1.20931,1.03
147372235,2.949435925722881e+18,104.741873714629,-13.8159155581822,0.675436,13.0818,13.829,0.047,13.465,0.114,12.549,0.024,12.442,0.023,12.369,0.027,13.3548,0.00033,13.5604,0.001713,13.0094,0.001155,12.313,0.023,12.312,0.023,12.104,0.304,9.092,,Theia3278,194.98445997580416,Kounkel2020,7902.0,1.87042,1.89
147372441,2.949436475478646e+18,104.795729202014,-13.7762247810725,0.729752,15.3164,17.134,0.056,16.514,0.24,14.324,0.029,13.896,0.041,13.801,0.051,16.0061,0.000955,16.6048,0.006009,15.2665,0.002732,13.64,0.026,13.701,0.031,12.364,,8.775,,Theia3278,194.98445997580416,Kounkel2020,5415.0,1.21391,0.94
147373197,2.949443862822305e+18,104.763776088222,-13.6118148180065,0.731244,11.286,12.542,0.031,11.93,0.057,10.521,0.026,10.345,0.023,10.243,0.024,11.7597,0.000299,12.1278,0.001641,11.2171,0.001001,10.128,0.024,10.113,0.02,10.085,0.061,8.646,,Theia3278,194.98445997580416,Kounkel2020,6485.0,5.30586,
147427913,2.949439877092646e+18,104.833501056846,-13.6518132787227,0.730209,13.1704,14.348,0.014,13.772,0.08,12.455,0.023,12.274,0.021,12.187,0.021,13.6048,0.000289,13.9379,0.001312,13.1062,0.001375,12.119,0.024,12.122,0.024,11.724,0.207,8.945,,Theia3278,194.98445997580416,Kounkel2020,6422.0,2.1053,1.29
147428195,2.949437849868272e+18,104.859658946541,-13.7546814498809,0.728637,12.4174,13.166,0.049,12.795,0.069,11.881,0.027,11.818,0.025,11.741,0.024,12.6918,0.001184,12.897,0.003203,12.3345,0.003895,11.653,0.024,11.673,0.022,11.463,0.209,8.62,,Theia3278,194.98445997580416,Kounkel2020,8150.0,2.38594,1.99
147428218,2.949437815508533e+18,104.850406916543,-13.7644011073806,0.901701,14.2246,15.768,0.063,14.759,0.08,13.322,0.03,13.054,0.033,12.96,0.035,14.756,0.000858,15.1216,0.004235,14.1011,0.016053,12.754,0.024,12.776,0.024,12.672,,9.075,,Theia3278,194.98445997580416,Kounkel2020,5826.0,1.25186,1.05
147428502,2.948685131078233e+18,104.852473701934,-13.8557921625925,0.710035,12.5728,13.391,0.04,12.974,0.08,12.019,0.024,11.878,0.022,11.815,0.021,12.8765,0.000729,13.1062,0.002787,12.5004,0.001737,11.763,0.023,11.757,0.022,11.815,0.225,8.827,,Theia3278,194.98445997580416,Kounkel2020,7722.0,2.34998,1.82
147708806,2.948703135581384e+18,105.376057173962,-13.6602529123101,0.428576,14.3527,15.733,0.112,15.053,0.103,13.505,0.023,13.196,0.025,13.069,0.029,14.8695,0.000525,15.2781,0.003991,14.2827,0.001696,12.933,0.024,12.93,0.028,11.428,0.179,8.438,,Theia3278,194.98445997580416,Kounkel2020,6429.0,2.28566,1.3
147710377,2.948599300453114e+18,105.411291738398,-14.233057035691,0.740742,14.3545,15.586,0.112,14.977,0.115,13.636,0.026,13.358,0.031,13.317,0.037,14.8143,0.000503,15.1676,0.002076,14.2858,0.001691,13.199,0.025,13.211,0.029,12.436,,9.021,,Theia3278,194.98445997580416,Kounkel2020,6392.0,1.25051,1.28
747785805,2.9486797709545027e+18,105.007381149239,-13.9423959538084,0.333321,15.7362,,,16.3676,0.0485,,,,,,,16.2045,0.001885,16.4301,0.039521,15.533,0.030115,,,,,,,,,Theia3278,194.98445997580416,Kounkel2020,,,
147963623,2.948604179535745e+18,105.726323838355,-14.1233763115779,0.614885,16.3727,17.167,0.119,17.3638,0.0463,15.327,0.05,14.897,0.067,14.568,0.094,17.0421,0.001242,17.628,0.008326,16.3227,0.009788,14.377,0.027,14.723,0.059,12.111,,8.766,,Theia3278,194.98445997580416,Kounkel2020,5125.0,0.89442,0.86
147964987,2.9486588115194296e+18,105.727318900988,-13.6851974525449,,15.2498,17.002,0.095,16.201,0.206,14.141,0.026,13.767,0.029,13.667,0.048,15.8502,0.00234,16.237,0.01014,15.0562,0.002207,13.57,0.027,13.653,0.037,11.902,0.316,8.914,,Theia3278,194.98445997580416,Kounkel2020,,,
148029642,3.044813680348829e+18,105.832792439863,-13.108452223133,0.33811,15.4872,16.69,0.095,16.031,1.133,14.788,0.037,14.538,0.051,14.396,0.078,15.923,0.000626,16.2613,0.005189,15.4177,0.001991,14.385,0.032,14.371,0.049,12.227,,8.745,,Theia3278,194.98445997580416,Kounkel2020,6891.0,1.49506,1.5
148167186,2.948636477689577e+18,105.93773556878,-13.9495071206901,0.446933,14.6838,15.898,0.07,15.373,0.263,13.855,0.024,13.582,0.022,13.464,0.038,15.2136,0.000609,15.6377,0.002471,14.6197,0.001844,12.262,0.021,12.349,0.023,12.112,0.322,8.818,,Theia3278,194.98445997580416,Kounkel2020,6122.0,1.94959,1.16
147836556,2.9485916038718085e+18,105.454700866281,-14.4138792925711,0.372368,15.2404,16.976,-0.096,16.158,0.138,14.386,0.029,14.122,0.036,13.974,0.054,15.7948,0.00067,16.2496,0.004277,15.1825,0.003076,13.914,0.027,13.968,0.041,12.605,,8.983,,Theia3278,194.98445997580416,Kounkel2020,6144.0,1.84844,1.17
147850078,2.948710832162625e+18,105.603345038127,-13.5451620363237,0.418854,13.4233,14.306,0.067,13.817,0.092,12.765,0.026,12.607,0.022,12.547,0.026,13.7508,0.000306,13.9979,0.003616,13.3308,0.00136,12.416,0.025,12.416,0.025,11.686,,8.929,,Theia3278,194.98445997580416,Kounkel2020,8129.0,2.73886,1.98
148032101,2.9486350345805906e+18,105.809374315119,-13.8902696539588,0.528579,15.8829,17.213,0.057,15.979,1.133,14.806,0.061,14.321,0.082,14.268,0.084,16.5144,0.001123,17.0157,0.009241,15.7933,0.015278,13.638,0.026,13.597,0.035,12.233,,8.811,,Theia3278,194.98445997580416,Kounkel2020,5453.0,,
147483375,2.9484663969842125e+18,104.980930526018,-14.7305221672247,0.967709,14.2867,15.656,0.076,14.924,0.126,13.576,0.024,13.274,0.022,13.195,0.033,14.7639,0.000556,15.1388,0.002358,14.2259,0.001465,13.172,0.025,13.227,0.032,12.448,,9.165,,Theia3278,194.98445997580416,Kounkel2020,5949.0,1.04152,1.09
147483481,2.948467462136096e+18,104.952906354933,-14.6983237388479,0.731935,16.1022,18.042,0.12,17.0183,0.046,15.182,0.049,14.817,0.061,14.839,0.107,16.7328,0.001013,17.2737,0.00822,16.0496,0.002859,14.576,0.034,14.668,0.056,12.465,,9.119,,Theia3278,194.98445997580416,Kounkel2020,5267.0,0.793318,0.9
147485586,2.948680148916731e+18,104.983224135046,-13.9077036630387,0.692991,12.8509,13.721,0.05,13.233,0.092,12.298,0.026,12.161,0.022,12.079,0.026,13.1653,0.000357,13.3969,0.00245,12.7798,0.000929,12.0,0.023,12.028,0.024,11.584,0.185,8.977,0.429,Theia3278,194.98445997580416,Kounkel2020,7410.0,2.1407,1.69
147486164,2.949444343858607e+18,104.945114133105,-13.6950298897549,0.711087,12.7413,13.611,0.047,13.163,0.092,12.157,0.027,12.021,0.025,11.942,0.029,13.0642,0.000469,13.2992,0.001531,12.6639,0.000651,11.847,0.023,11.862,0.022,11.741,,8.597,,Theia3278,194.98445997580416,Kounkel2020,7454.0,2.22353,1.71
147583310,2.9486698066354294e+18,105.116016794772,-13.9186126443671,0.738872,14.6912,14.967,0.078,14.193,1.133,12.59,,12.284,,12.574,0.055,15.2993,0.0004,15.782,0.0105,14.6072,0.002297,,,,,,,,,Theia3278,194.98445997580416,Kounkel2020,5529.0,,
147583346,2.9486693943185915e+18,105.080682281661,-13.9331971295727,0.766313,16.2877,18.145,0.119,17.326,0.0461,15.269,0.047,14.751,0.044,14.412,0.08,16.9817,0.001247,17.5761,0.009059,16.2224,0.004996,14.527,0.032,14.89,0.075,12.546,,8.86,,Theia3278,194.98445997580416,Kounkel2020,5137.0,0.772241,0.87
147640761,2.9486135597445893e+18,105.218928603269,-14.1849682203768,0.700662,14.8027,15.498,0.11,15.433,0.206,14.072,0.033,13.751,0.031,13.623,0.044,15.3187,0.00051,15.7283,0.004141,14.738,0.001789,13.217,0.026,13.275,0.033,12.059,,9.113,,Theia3278,194.98445997580416,Kounkel2020,6057.0,1.18015,1.13
747783381,2.9486698066354294e+18,105.116016794772,-13.9186126443671,0.738872,14.6912,,,15.564,0.0461,,,,,,,15.2993,0.0004,15.782,0.0105,14.6072,0.002297,,,,,,,,,Theia3278,194.98445997580416,Kounkel2020,5529.0,,
747791769,2.948704166373481e+18,105.479613682984,-13.6370930133393,0.491472,15.0766,,,15.8427,0.0464,,,,,,,15.6251,0.000634,16.0449,0.012248,14.99,0.015047,,,,,,,,,Theia3278,194.98445997580416,Kounkel2020,6107.0,1.52974,1.15
147842644,3.045566021180693e+18,105.503169871003,-13.0540865687794,0.486392,14.0898,14.924,0.0,14.544,0.137,13.452,0.024,13.317,0.027,13.245,0.033,14.4232,0.000323,14.6735,0.002814,14.0051,0.00147,13.154,0.026,13.155,0.032,12.041,,9.06,,Theia3278,194.98445997580416,Kounkel2020,7829.0,1.75178,1.86
147848509,3.04557248081189e+18,105.573820820279,-13.0015054989136,0.640037,13.8741,16.638,0.099,15.102,0.206,12.581,0.024,11.995,0.025,11.782,0.019,14.6919,0.000447,15.4635,0.002689,13.8349,0.00181,11.66,0.023,11.763,0.021,11.903,0.286,9.023,,Theia3278,194.98445997580416,Kounkel2020,4613.0,3.52934,
147907807,2.948650045483816e+18,105.555701861686,-13.8378769593029,1.36392,10.0237,10.024,0.061,10.032,0.006,9.867,0.024,9.883,0.026,9.86,0.024,10.0124,0.00062,10.0388,0.001987,9.97826,0.001928,9.819,0.022,9.85,0.02,9.8,0.049,8.432,,Theia3278,194.98445997580416,Kounkel2020,10649.0,2.5602,2.76
148031350,2.9486600484649805e+18,105.867998459333,-13.6328352905767,0.446272,15.2748,14.412,0.093,15.696,0.092,14.216,0.039,13.875,0.044,13.858,0.059,15.8142,0.000865,16.0999,0.020519,15.0532,0.027962,13.599,0.032,13.654,0.042,12.592,,8.634,,Theia3278,194.98445997580416,Kounkel2020,,,
148298293,3.044745029592348e+18,106.207641955881,-13.3735411696607,0.739848,15.3858,17.489,0.114,16.45,0.549,14.354,0.037,13.788,0.033,13.762,0.044,16.1115,0.000664,16.7558,0.004392,15.347,0.002024,13.672,0.025,13.701,0.03,12.259,,8.88,,Theia3278,194.98445997580416,Kounkel2020,5480.0,1.21332,0.96
147641722,2.9486760257479977e+18,105.182951605827,-13.8458155261791,0.715175,15.8388,17.838,0.0,16.702,0.195,14.946,0.043,14.514,0.036,14.318,0.081,16.46,0.001004,16.9888,0.006728,15.7852,0.004107,14.361,0.03,14.539,0.053,12.669,,9.178,,Theia3278,194.98445997580416,Kounkel2020,5345.0,0.890439,0.92
147837620,2.9485995753309706e+18,105.483088250388,-14.2046610012185,1.65107,13.5195,14.864,0.033,14.136,0.137,12.817,0.029,12.477,0.034,12.398,0.031,13.9944,0.000595,14.3647,0.002865,13.4564,0.001513,12.287,0.023,12.291,0.024,12.083,0.334,8.748,,Theia3278,194.98445997580416,Kounkel2020,5914.0,0.87794,1.076
147841452,2.948724679137202e+18,105.433394638037,-13.4476963293886,0.389333,14.4953,16.066,0.055,15.335,0.126,13.581,0.026,13.274,0.029,13.193,0.033,15.0393,0.000565,15.475,0.005447,14.4247,0.001832,13.092,0.024,13.118,0.029,12.338,,8.997,,Theia3278,194.98445997580416,Kounkel2020,6482.0,2.44814,1.32
147907423,2.948699596528951e+18,105.623742192586,-13.7087751491036,0.48732,14.2088,15.307,0.082,14.798,0.114,13.494,0.026,13.27,0.023,13.212,0.033,14.597,0.00077,14.8887,0.00321,14.1301,0.002563,13.11,0.026,13.117,0.027,12.614,,9.148,,Theia3278,194.98445997580416,Kounkel2020,7250.0,1.78663,1.63
147907631,2.948652008291376e+18,105.600184322791,-13.7753138780582,0.39684,15.9298,17.723,0.116,16.8107,0.0461,14.974,0.037,14.769,0.063,14.449,0.081,16.5426,0.001022,17.0441,0.009087,15.8612,0.004717,14.465,0.031,14.52,0.059,11.931,,8.748,,Theia3278,194.98445997580416,Kounkel2020,5658.0,1.4538,1.0
147908986,2.9486008423388355e+18,105.665154277398,-14.2352369409511,0.779492,14.9811,16.08,0.114,15.947,0.046,14.164,0.034,13.797,0.037,13.756,0.047,15.5195,0.000628,15.9525,0.002882,14.9173,0.002293,13.594,0.025,13.58,0.034,12.491,,8.778,,Theia3278,194.98445997580416,Kounkel2020,6149.0,1.00824,1.17
148296076,2.9484300100237844e+18,106.218752826329,-14.1438318126587,0.578417,14.5229,16.043,0.082,15.2,0.069,13.698,0.026,13.374,0.027,13.328,0.037,15.0404,0.000287,15.4524,0.001814,14.4574,0.001227,13.225,0.026,13.26,0.03,12.549,,8.928,,Theia3278,194.98445997580416,Kounkel2020,6302.0,1.59853,1.24
147707655,2.9494830329234565e+18,105.346703700486,-13.2556141977369,0.533503,15.2189,16.818,0.126,15.977,0.481,14.261,0.032,13.999,0.031,13.865,0.051,15.7781,0.000838,16.2294,0.004009,15.153,0.00325,13.682,0.026,13.712,0.034,12.189,,8.581,,Theia3278,194.98445997580416,Kounkel2020,6132.0,1.35207,1.16
147708153,2.9487276340747013e+18,105.416029677106,-13.4339765602765,0.457597,16.0744,17.811,0.117,17.0094,0.0463,15.132,0.039,14.712,0.049,14.664,0.1,16.7166,0.001432,17.254,0.012612,16.0131,0.006442,,,,,,,,,Theia3278,194.98445997580416,Kounkel2020,5715.0,1.24147,1.02
147708374,2.94871842566488e+18,105.374783197221,-13.5125522027044,0.399531,15.9382,16.872,0.116,16.431,1.133,15.002,0.041,14.524,0.045,14.439,0.086,16.5273,0.001073,16.9939,0.011004,15.8588,0.005028,14.381,0.031,14.536,0.057,12.731,,9.058,,Theia3278,194.98445997580416,Kounkel2020,5769.0,1.37766,1.03
147709228,2.948677434497188e+18,105.337745906416,-13.8117425191268,0.422407,16.2361,16.927,0.117,17.0652,0.0461,15.323,0.047,14.763,0.061,15.021,0.13,16.8204,0.001024,17.3035,0.009527,16.1777,0.004304,14.857,0.059,14.951,0.09,12.466,,8.521,,Theia3278,194.98445997580416,Kounkel2020,5728.0,1.13392,1.02
147836908,2.9485932531392e+18,105.465757800087,-14.340959129997,0.785213,15.0926,16.196,0.114,15.944,0.092,14.188,0.032,13.908,0.022,13.77,0.055,15.6489,0.000745,16.1059,0.004658,15.0358,0.002201,13.716,0.028,13.76,0.038,12.232,,8.735,,Theia3278,194.98445997580416,Kounkel2020,5792.0,0.998232,1.04
147842777,3.045567498649429e+18,105.463869201819,-13.0057045809016,0.448367,14.8143,16.144,0.03,15.267,0.08,14.043,0.024,13.848,0.04,13.752,0.052,15.2845,0.000591,15.6582,0.003008,14.7474,0.001876,13.673,0.027,13.69,0.036,12.632,,8.682,,Theia3278,194.98445997580416,Kounkel2020,6851.0,1.64746,1.48
147907124,2.948707052591449e+18,105.586652203303,-13.6137495511893,0.477258,15.0584,16.915,0.113,15.718,0.229,14.214,0.029,13.927,0.031,13.845,0.049,15.5676,0.000739,15.9756,0.003526,14.9896,0.001705,13.774,0.026,13.802,0.033,12.652,,8.874,,Theia3278,194.98445997580416,Kounkel2020,6752.0,1.4784,1.44
747781051,2.9486600484649805e+18,105.867998459333,-13.6328352905767,0.446272,15.2748,,,16.0287,0.0476,,,,,,,15.8142,0.000865,16.0999,0.020519,15.0532,0.027962,,,,,,,,,Theia3278,194.98445997580416,Kounkel2020,,,
146872900,2.948925133850762e+18,103.877927978641,-14.3550341641514,0.822989,13.8337,15.03,0.075,14.413,0.343,13.143,0.027,12.872,0.023,12.81,0.026,14.2596,0.000351,14.5841,0.000761,13.7624,0.001216,12.74,0.024,12.786,0.027,12.48,0.423,9.032,,Theia3278,194.98445997580416,Kounkel2020,6797.0,1.35689,1.46
146914396,2.9489189834576246e+18,103.989637384448,-14.5208488678599,0.995372,15.6444,17.558,0.111,16.759,1.133,14.605,0.023,13.945,0.022,13.801,0.051,16.3645,0.001042,17.0096,0.010772,15.5792,0.003082,13.769,0.028,13.923,0.036,12.167,,8.808,,Theia3278,194.98445997580416,Kounkel2020,4663.0,0.883628,0.74
146915021,2.949302506858171e+18,104.016025771656,-14.2775065225454,0.829758,15.2811,17.423,-0.146,16.23,1.133,14.347,0.029,13.96,0.022,13.863,0.054,15.9174,0.000619,16.4764,0.005105,15.2414,0.004199,13.818,0.027,13.976,0.043,12.721,,9.187,,Theia3278,194.98445997580416,Kounkel2020,5294.0,1.01975,0.91
147041671,2.949352740795393e+18,104.205651188519,-13.8598818891466,0.731415,15.5601,17.073,0.113,16.624,0.412,14.614,0.024,14.277,0.044,14.166,0.076,16.1725,0.000949,16.6808,0.00659,15.4983,0.002479,14.077,0.029,14.106,0.043,12.703,,8.699,,Theia3278,194.98445997580416,Kounkel2020,5612.0,0.953016,0.99
147262863,2.949461489368068e+18,104.58789653573,-13.451837685591,0.664395,13.9842,15.459,0.067,14.641,0.114,13.205,0.024,12.972,0.023,12.87,0.024,14.4921,0.000598,14.8942,0.002656,13.9185,0.001198,12.81,0.024,12.821,0.026,12.074,,9.242,,Theia3278,194.98445997580416,Kounkel2020,6252.0,1.77124,1.21
147264939,2.94857528299404e+18,104.582923602957,-14.2155032218766,0.792539,15.9846,17.354,0.117,16.9139,0.046,15.004,0.039,14.505,0.048,14.477,0.094,16.6221,0.000883,17.1794,0.005723,15.9408,0.003264,14.552,0.032,14.676,0.058,12.431,,8.956,,Theia3278,194.98445997580416,Kounkel2020,5237.0,0.785817,0.89
147255906,2.949563709588713e+18,104.535145785098,-12.9694684595235,0.497375,14.1556,15.576,0.079,14.856,0.092,13.347,0.024,13.066,0.024,13.038,0.036,14.6513,0.000369,15.0465,0.001941,14.0845,0.001213,12.927,0.023,12.932,0.028,12.814,,8.781,0.419,Theia3278,194.98445997580416,Kounkel2020,6878.0,2.09418,1.49
147261916,2.949546735877977e+18,104.660371788987,-13.1002827728651,0.690585,11.6376,12.266,0.07,11.951,0.069,11.122,0.024,11.051,0.026,10.984,0.025,11.8631,0.000276,12.0412,0.00123,11.5475,0.001585,10.819,0.021,10.848,0.021,9.958,0.061,7.724,0.181,Theia3278,194.98445997580416,Kounkel2020,9053.0,3.37169,2.29
147264186,2.9493395466557327e+18,104.644504748407,-13.938824797626,0.640274,13.7098,15.114,0.079,14.355,0.103,12.994,0.026,12.744,0.023,12.596,0.027,14.1781,0.000384,14.5471,0.002703,13.64,0.00122,12.564,0.073,12.574,0.068,11.98,0.476,8.945,,Theia3278,194.98445997580416,Kounkel2020,6850.0,1.94597,1.48
147264198,2.949339684094707e+18,104.596036905992,-13.9425783117195,0.700001,13.5008,14.698,0.059,14.079,0.08,12.769,0.024,12.578,0.029,12.558,0.027,13.9313,0.000401,14.2678,0.002094,13.432,0.001258,12.403,0.023,12.416,0.024,12.345,0.45,9.085,,Theia3278,194.98445997580416,Kounkel2020,7005.0,1.86043,1.54
147371957,2.9493415395204966e+18,104.725082735961,-13.8871319668287,0.621924,14.9774,,,15.717,0.126,14.107,0.039,13.667,0.052,13.605,0.057,15.5624,0.001074,16.0412,0.005854,14.9137,0.002313,,,,,,,,,Theia3278,194.98445997580416,Kounkel2020,5669.0,1.39089,1.01
147374915,2.9495414444790287e+18,104.728158442319,-13.2044975629934,0.261462,16.0555,17.348,0.117,17.1075,0.0467,15.035,0.039,14.647,0.06,14.413,0.08,16.759,0.000901,17.3743,0.018438,16.0117,0.004054,14.461,0.028,14.651,0.057,12.534,,8.867,,Theia3278,194.98445997580416,Kounkel2020,5700.0,2.21078,1.02
147372764,2.9494377081270963e+18,104.760993487238,-13.7146181675564,0.750759,15.3619,17.22,-0.098,16.154,0.183,14.514,0.03,14.095,0.031,14.002,0.059,15.9627,0.000759,16.4625,0.004121,15.3043,0.001761,,,,,,,,,Theia3278,194.98445997580416,Kounkel2020,5850.0,0.979142,1.06
147428355,2.9486867803456645e+18,104.898015504057,-13.8088388747707,0.755286,13.2459,13.981,0.107,13.703,0.092,12.656,0.026,12.516,0.025,12.409,0.027,13.5821,0.000271,13.8326,0.001953,13.1754,0.00205,,,,,,,,,Theia3278,194.98445997580416,Kounkel2020,7308.0,1.69503,1.65
147428402,2.948685509035353e+18,104.831313959906,-13.8223742449166,0.6343,12.4108,13.209,0.046,12.801,0.069,11.806,0.024,11.684,0.022,11.599,0.023,12.707,0.000324,12.9314,0.001556,12.3315,0.001787,11.571,0.022,11.581,0.021,11.68,0.175,9.101,,Theia3278,194.98445997580416,Kounkel2020,7982.0,2.8088,1.92
147428454,2.94868502799902e+18,104.814138394634,-13.8399279106744,0.676055,11.4627,12.385,0.292,11.945,0.046,10.738,0.026,10.619,0.022,10.488,0.019,11.8721,0.000318,12.1874,0.001723,11.3921,0.001033,10.434,0.023,10.434,0.02,10.388,0.076,8.471,,Theia3278,194.98445997580416,Kounkel2020,7059.0,4.76833,1.56
147485805,2.9486858869929994e+18,104.957767332504,-13.8263265372004,0.740949,12.2419,13.168,0.052,12.652,0.069,11.642,0.024,11.509,0.022,11.432,0.021,12.583,0.00025,12.8398,0.001482,12.1811,0.000622,11.403,0.023,11.407,0.021,11.371,0.164,8.903,,Theia3278,194.98445997580416,Kounkel2020,7014.0,2.76454,1.54
147485841,2.948686093150893e+18,104.934098198465,-13.8142654459885,0.724533,14.0403,15.099,0.116,14.503,0.08,13.302,0.034,13.07,0.038,13.014,0.041,14.4942,0.00038,14.836,0.005841,13.9639,0.002064,12.864,0.024,12.881,0.028,12.196,,8.929,,Theia3278,194.98445997580416,Kounkel2020,6523.0,1.4591,1.34
147486257,2.948694339488076e+18,105.031321519089,-13.6606704117649,0.680213,16.5047,19.236,0.109,17.7704,0.0508,15.188,0.05,14.529,0.051,14.371,0.083,17.3044,0.001524,18.0358,0.039213,16.4465,0.002745,14.249,0.03,14.344,0.053,11.996,0.287,8.623,,Theia3278,194.98445997580416,Kounkel2020,4653.0,0.976244,0.74
147962989,2.948412005519965e+18,105.685330373831,-14.3352873862248,0.767654,14.9612,16.329,0.115,15.705,0.103,14.125,0.034,13.817,0.042,13.672,0.047,15.5178,0.000817,15.9671,0.005132,14.8961,0.002985,13.389,0.025,13.412,0.031,12.189,0.362,9.164,,Theia3278,194.98445997580416,Kounkel2020,5710.0,1.09264,1.02
148168462,3.0447390853578844e+18,105.986095132915,-13.5428332304689,0.549197,13.712,15.293,0.034,14.466,0.114,12.855,0.024,12.531,0.023,12.426,0.026,14.2695,0.000314,14.7217,0.001776,13.6493,0.001794,12.339,0.023,12.335,0.025,12.222,0.413,8.799,,Theia3278,194.98445997580416,Kounkel2020,6006.0,2.61824,1.11
148500395,3.044727677924442e+18,106.445108022196,-13.5086923870629,0.786601,12.7753,13.743,0.028,13.179,0.057,12.174,0.022,11.973,0.023,11.928,0.023,13.1288,0.000295,13.3994,0.001722,12.705,0.001102,11.898,0.024,11.912,0.023,11.72,0.223,9.068,,Theia3278,194.98445997580416,Kounkel2020,7402.0,2.07507,1.69
147426493,2.9495438496605425e+18,104.892418936776,-13.1215530586817,0.465571,15.6025,17.082,0.115,16.313,1.133,14.573,0.032,14.175,0.042,13.982,0.071,16.285,0.000705,16.8713,0.005964,15.5486,0.001868,13.948,0.028,13.921,0.043,12.511,,9.17,,Theia3278,194.98445997580416,Kounkel2020,5506.0,1.60925,0.97
147427661,2.9494494978192947e+18,104.907451709925,-13.5565151394265,0.877716,16.0216,16.987,0.121,17.058,0.0461,15.029,0.051,14.425,0.082,14.38,0.1,16.7144,0.00101,17.3236,0.008614,15.9713,0.003527,,,,,,,,,Theia3278,194.98445997580416,Kounkel2020,5111.0,0.765103,0.86
147427666,2.9494496008987904e+18,104.88809058183,-13.5571897992868,0.736777,13.9059,15.37,0.057,14.558,0.08,13.116,0.023,12.851,0.024,12.711,0.033,14.4244,0.00038,14.8468,0.00173,13.84,0.001239,12.718,0.024,12.718,0.026,12.068,,9.152,,Theia3278,194.98445997580416,Kounkel2020,6857.0,1.6685,1.49
147428075,2.949438605782337e+18,104.886863310687,-13.7082426015525,0.687068,14.4696,15.696,0.111,15.172,0.069,13.686,0.022,13.369,0.022,13.349,0.033,14.9934,0.000462,15.4075,0.002439,14.4019,0.001033,13.27,0.025,13.284,0.03,12.389,,9.022,,Theia3278,194.98445997580416,Kounkel2020,6056.0,1.41667,1.13
147428213,2.949436544198101e+18,104.818347393501,-13.7624494707048,0.68327,12.7222,13.554,0.036,13.144,0.08,12.11,0.026,11.975,0.022,11.886,0.024,13.0317,0.000758,13.2641,0.001591,12.6425,0.001201,11.853,0.023,11.851,0.022,11.736,0.218,8.578,,Theia3278,194.98445997580416,Kounkel2020,7843.0,2.29812,1.87
147428384,2.948685474675616e+18,104.821292140922,-13.8173940116822,0.694484,14.035,15.749,0.116,14.812,0.034,13.153,0.024,12.82,0.022,12.741,0.024,14.627,0.000414,15.1149,0.001406,13.9739,0.001662,12.584,0.051,12.613,0.05,11.874,,9.082,,Theia3278,194.98445997580416,Kounkel2020,5772.0,1.92543,1.03
147428430,2.948685096718496e+18,104.809953879289,-13.8300953021849,0.705925,12.3407,13.186,0.051,12.77,0.069,11.722,0.026,11.612,0.023,11.522,0.024,12.658,0.000362,12.8956,0.001894,12.2634,0.001043,11.465,0.023,11.453,0.021,11.234,0.135,8.74,,Theia3278,194.98445997580416,Kounkel2020,7706.0,2.67955,1.81
147428456,2.9486851997977093e+18,104.837954769056,-13.8406250794383,0.372273,16.2683,18.03,0.122,17.3395,0.0461,15.241,0.054,14.776,0.072,14.598,0.093,16.9806,0.00123,17.6116,0.007783,16.2276,0.00479,14.458,0.035,14.739,0.063,12.633,,8.654,,Theia3278,194.98445997580416,Kounkel2020,5371.0,1.56074,0.93
147428573,2.948684615682164e+18,104.819527372449,-13.882978979817,0.810345,15.7013,17.022,0.118,16.61,0.355,14.86,0.042,14.427,0.049,14.335,0.083,16.3101,0.00104,16.8166,0.005617,15.6398,0.007407,,,,,,,,,Theia3278,194.98445997580416,Kounkel2020,5482.0,0.813656,0.96
147428741,2.94858961100485e+18,104.830339329997,-13.9408539385537,0.691735,15.0466,16.82,0.116,15.871,0.08,14.091,0.037,13.702,0.036,13.57,0.05,15.7092,0.000828,16.2814,0.00363,14.9968,0.002238,13.44,0.026,13.503,0.036,12.491,,8.836,,Theia3278,194.98445997580416,Kounkel2020,5418.0,1.38898,0.94
147428792,2.94858665606764e+18,104.840253829753,-13.9560844616487,0.71007,13.4246,14.456,0.065,13.969,0.114,12.783,0.026,12.646,0.025,12.519,0.023,13.8086,0.000278,14.1065,0.001567,13.3567,0.001083,12.469,0.024,12.464,0.024,12.156,0.325,8.58,,Theia3278,194.98445997580416,Kounkel2020,7232.0,1.77392,1.62
147428879,2.9485862781105285e+18,104.846797075699,-13.9862043608031,0.790209,15.4637,17.584,0.139,16.333,1.133,14.518,0.033,14.024,0.042,14.027,0.064,16.1181,0.000772,16.6841,0.005293,15.4094,0.002325,13.904,0.025,13.947,0.038,12.707,,9.15,,Theia3278,194.98445997580416,Kounkel2020,5149.0,1.02823,0.87
147429595,2.948563291445704e+18,104.819678239387,-14.2498718613714,0.672076,12.6435,13.299,0.043,12.944,0.217,12.185,0.024,12.096,0.021,11.993,0.027,12.881,0.000459,13.056,0.001318,12.574,0.00078,11.905,0.022,11.965,0.021,11.886,0.303,9.119,,Theia3278,194.98445997580416,Kounkel2020,7945.0,2.19277,1.91
147484977,2.948571743941236e+18,104.938991569588,-14.1255755612935,0.72146,15.1982,17.068,0.145,16.258,0.126,14.208,0.035,13.82,0.038,13.679,0.05,15.8279,0.0008,16.3384,0.005462,15.1195,0.010397,13.495,0.026,13.467,0.033,12.533,0.503,8.621,,Theia3278,194.98445997580416,Kounkel2020,5439.0,1.19158,0.95
147583678,2.9486633470046894e+18,105.13331589175,-14.0546517448249,0.713147,15.1965,17.102,-0.087,15.831,0.126,14.39,0.029,14.018,0.035,13.916,0.055,15.775,0.000701,16.2582,0.003992,15.1417,0.002042,13.879,0.029,13.928,0.039,12.043,,9.199,,Theia3278,194.98445997580416,Kounkel2020,5488.0,1.1075,0.96
147699544,2.948690491197783e+18,105.20418824971,-13.7398287669779,0.400575,15.3826,15.913,0.114,16.172,0.195,14.393,0.043,13.975,0.051,13.853,0.054,16.0365,0.000697,16.5935,0.005719,15.3263,0.003079,13.619,0.025,13.651,0.038,12.277,0.365,8.992,,Theia3278,194.98445997580416,Kounkel2020,5422.0,1.97803,0.94
147708556,2.948716982555897e+18,105.381128170233,-13.5711427915829,0.444826,13.514,14.216,0.06,13.891,0.092,12.952,0.026,12.818,0.022,12.782,0.03,13.7752,0.000316,13.9682,0.002096,13.4315,0.001242,12.695,0.023,12.713,0.025,12.255,,8.96,,Theia3278,194.98445997580416,Kounkel2020,8163.0,2.25877,1.99
147709885,2.948617133157255e+18,105.320737150121,-14.0528529452069,0.502358,15.4238,17.241,0.115,16.227,0.206,14.389,0.036,13.96,0.047,13.885,0.066,16.0826,0.000743,16.6539,0.004598,15.3738,0.002082,13.809,0.027,13.843,0.04,12.869,,8.745,,Theia3278,194.98445997580416,Kounkel2020,5270.0,1.60366,0.9
147837700,2.948599850208878e+18,105.460540466199,-14.1890807949725,1.03529,15.8112,17.877,0.116,16.618,1.133,14.813,0.042,14.303,0.05,14.172,0.066,16.4945,0.001275,17.1033,0.011502,15.7635,0.004839,14.117,0.028,14.373,0.049,12.558,,8.954,,Theia3278,194.98445997580416,Kounkel2020,4949.0,0.719051,0.81
147966139,3.0447934081041684e+18,105.769691283709,-13.2955178119656,0.294253,15.4403,16.243,0.069,15.919,0.183,14.707,0.052,14.569,0.09,14.412,0.084,15.8373,0.000714,16.115,0.005849,15.3412,0.005111,13.982,0.029,13.985,0.046,12.641,,8.778,,Theia3278,194.98445997580416,Kounkel2020,7172.0,1.63179,1.6
148167744,2.948654928868951e+18,105.915230297184,-13.764605798942,0.347849,16.3355,17.381,0.141,17.1815,0.0461,15.459,0.088,14.991,0.086,14.466,,16.9291,0.001075,17.4204,0.010163,16.2758,0.00619,14.6,0.037,14.566,0.053,12.587,,9.108,,Theia3278,194.98445997580416,Kounkel2020,5687.0,1.31223,1.01
147486120,2.9486878454975345e+18,104.940095812763,-13.7097239081249,0.750559,11.8571,12.048,0.321,11.866,0.026,11.431,0.026,11.372,0.022,11.308,0.024,12.0396,0.000221,12.1772,0.00131,11.7804,0.000755,11.263,0.023,11.276,0.021,11.346,0.151,9.005,,Theia3278,194.98445997580416,Kounkel2020,8650.0,2.64542,2.16
147487665,2.9494957116670515e+18,105.013302970022,-13.1642151782107,0.471426,15.9541,17.333,0.121,16.8432,0.046,15.109,0.051,14.659,0.067,14.527,0.103,16.5712,0.000966,17.0814,0.006578,15.8891,0.004306,13.957,0.027,14.12,0.041,12.477,,9.012,,Theia3278,194.98445997580416,Kounkel2020,5563.0,1.22931,0.98
147582305,2.948696641590537e+18,105.116780269294,-13.5679030657992,0.733809,16.0137,,,16.9658,0.0462,15.021,0.047,14.507,0.057,14.403,0.079,16.6632,0.001099,17.2148,0.011975,15.9516,0.005586,14.219,0.027,14.289,0.047,12.662,,8.843,,Theia3278,194.98445997580416,Kounkel2020,5209.0,0.846729,0.89
147708128,2.948727874592881e+18,105.383525694024,-13.4270504314028,0.437051,14.8039,15.344,0.0,15.53,0.15,13.94,,13.749,0.033,13.618,,15.2622,0.000732,15.6211,0.002596,14.7328,0.002143,13.445,0.037,13.561,0.039,12.293,,8.634,,Theia3278,194.98445997580416,Kounkel2020,6895.0,1.67461,1.5
147709252,2.948677125259557e+18,105.313466707024,-13.8186067983422,0.686164,16.6884,18.582,0.13,17.852,0.0471,15.489,0.072,14.875,0.077,14.94,0.148,17.4407,0.001197,18.0726,0.019502,16.5846,0.006899,14.271,0.03,14.369,0.051,12.513,0.461,9.133,,Theia3278,194.98445997580416,Kounkel2020,4747.0,0.823775,0.76
147840895,2.948717115693093e+18,105.430338470836,-13.5639312180428,0.471931,12.2201,12.951,0.039,12.639,0.103,11.594,0.024,11.484,0.022,11.379,0.024,12.5108,0.000292,12.7318,0.002335,12.1319,0.00111,11.333,0.024,11.341,0.021,11.192,0.157,8.906,,Theia3278,194.98445997580416,Kounkel2020,8285.0,4.08075,2.04
147841019,2.948717257433762e+18,105.444730372329,-13.5386719327682,0.415096,13.3804,14.583,0.111,13.914,0.126,12.65,0.024,12.487,0.022,12.424,0.029,13.7557,0.000326,14.0455,0.002002,13.3002,0.001302,12.322,0.024,12.323,0.025,11.902,0.341,8.944,,Theia3278,194.98445997580416,Kounkel2020,7646.0,2.98799,1.79
148169540,3.044801791879344e+18,105.95592729961,-13.1795175689484,0.631801,15.0962,16.669,0.116,16.07,0.183,14.236,0.037,13.849,0.035,13.687,0.05,15.6716,0.000535,16.1435,0.003448,15.0354,0.002281,13.719,0.051,13.79,0.061,12.513,,8.557,,Theia3278,194.98445997580416,Kounkel2020,5722.0,1.27,1.02
148169711,3.044814333183823e+18,105.949841516637,-13.1177672241058,0.54647,16.0156,16.509,0.141,16.9167,0.0467,15.017,0.092,14.596,0.143,14.447,0.147,16.6386,0.001087,17.0899,0.013313,15.8831,0.016447,,,,,,,,,Theia3278,194.98445997580416,Kounkel2020,5377.0,1.06446,0.93
747793530,2.948711759869356e+18,105.580769650705,-13.5109369985614,0.375466,16.2485,,,17.3028,0.0489,,,,,,,16.9399,0.001118,17.4349,0.022798,16.0427,0.026185,,,,,,,,,Theia3278,194.98445997580416,Kounkel2020,,,
148500504,3.044754409800871e+18,106.428397804404,-13.4715297170344,1.20103,13.9348,15.259,0.052,14.497,0.114,13.301,0.022,12.959,0.022,12.884,0.029,14.3967,0.000793,14.7611,0.00346,13.8787,0.001914,12.878,0.023,12.899,0.027,12.344,,8.608,,Theia3278,194.98445997580416,Kounkel2020,5854.0,0.97629,1.06
147909997,2.94830486755272e+18,105.592119522697,-14.5985114569141,0.67111,12.1627,12.901,0.046,12.52,0.057,11.588,0.024,11.477,0.022,11.403,0.019,12.4371,0.000208,12.6431,0.001236,12.084,0.000899,11.316,0.023,11.322,0.021,11.67,0.252,8.885,,Theia3278,194.98445997580416,Kounkel2020,8052.0,2.89855,1.95
147966208,3.044806151265585e+18,105.683201268583,-13.2696444720006,0.212055,16.2236,18.308,0.113,17.2655,0.0463,15.061,0.037,14.642,0.048,14.708,0.106,16.9207,0.001098,17.5045,0.013287,16.1498,0.003831,14.185,0.028,14.272,0.053,11.899,,8.318,,Theia3278,194.98445997580416,Kounkel2020,5329.0,2.42224,
148028453,3.045601892747813e+18,105.855961771154,-12.7145321401355,0.332212,14.6745,16.177,0.101,15.314,0.013,13.785,0.033,13.512,0.033,13.298,0.041,15.2058,0.000617,15.6269,0.001732,14.5999,0.001769,13.234,0.024,13.207,0.029,12.224,,9.137,,Theia3278,194.98445997580416,Kounkel2020,6600.0,2.53954,1.38
146917976,2.949718431490957e+18,104.011063164163,-13.1755267671376,0.708176,14.7289,16.909,0.11,15.699,0.035,13.62,0.028,13.2,0.03,13.035,0.032,15.4739,0.000726,16.1344,0.004199,14.6882,0.001414,12.935,0.023,12.949,0.027,12.521,,8.776,,Theia3278,194.98445997580416,Kounkel2020,5565.0,1.74565,0.98
146985139,2.949414691402936e+18,104.119011248338,-13.5686151849713,1.26788,15.5517,17.571,0.117,16.319,0.286,14.543,0.043,14.035,0.033,13.851,0.061,16.2446,0.000817,16.8752,0.009662,15.4975,0.003635,13.868,0.028,13.97,0.043,12.679,,9.114,,Theia3278,194.98445997580416,Kounkel2020,4646.0,0.701796,0.74
147263912,2.949342604672396e+18,104.636166012346,-13.8358481573666,0.699701,14.2762,16.239,0.111,15.087,0.103,13.399,0.023,13.114,0.026,13.006,0.032,14.8588,0.000552,15.334,0.00233,14.212,0.001698,12.933,0.024,12.981,0.03,12.073,,8.475,,Theia3278,194.98445997580416,Kounkel2020,5803.0,1.68591,1.04
147307028,2.948072840540302e+18,104.654298963973,-15.1864631511544,0.793294,11.6355,11.9,0.316,11.774,0.028,11.279,0.026,11.184,0.022,11.196,0.026,11.7842,0.000255,11.9014,0.001546,11.5669,0.001406,11.115,0.023,11.126,0.021,10.957,0.108,8.565,,Theia3278,194.98445997580416,Kounkel2020,8814.0,2.64612,2.22
147372729,2.9494407704459494e+18,104.704778598982,-13.7210286511642,0.705082,15.7819,17.146,0.115,16.71,0.229,14.845,0.035,14.36,0.041,14.17,0.074,16.4555,0.001095,17.0437,0.005441,15.7339,0.006438,14.224,0.031,14.289,0.048,12.331,,8.247,,Theia3278,194.98445997580416,Kounkel2020,5253.0,1.00954,0.9
147428206,2.9486872570856934e+18,104.885640448015,-13.7588850362743,0.711173,15.3407,17.372,0.105,16.26,1.133,14.403,0.029,13.96,0.036,13.936,0.058,16.0061,0.000699,16.5755,0.004412,15.2856,0.003051,13.769,0.028,13.759,0.037,12.066,,9.14,,Theia3278,194.98445997580416,Kounkel2020,5438.0,1.18476,0.95
147428607,2.948683894127657e+18,104.84942817415,-13.8942717095564,0.681534,9.7816,12.256,0.221,11.118,0.022,8.64,0.03,8.102,0.031,7.909,0.021,10.5377,0.000306,11.2402,0.001222,9.75195,0.000695,7.808,0.028,7.889,0.019,7.8,0.018,7.716,0.149,Theia3278,194.98445997580416,Kounkel2020,4870.0,19.3609,
147428869,2.948585590915747e+18,104.900643957626,-13.9802297486078,0.732841,12.7854,13.818,0.05,13.184,0.16,12.142,0.027,11.965,0.023,11.843,0.023,13.1648,0.000319,13.4567,0.001584,12.711,0.001147,11.786,0.023,11.804,0.021,12.123,0.327,8.898,,Theia3278,194.98445997580416,Kounkel2020,7403.0,2.29553,1.69
147428873,2.9485864499092265e+18,104.828358888346,-13.9842829999106,0.718093,11.0613,11.981,0.253,11.565,0.018,10.394,0.027,10.265,0.023,10.121,0.019,11.4514,0.000371,11.7559,0.000655,10.9906,0.001354,10.043,0.022,10.049,0.02,10.044,0.053,8.751,,Theia3278,194.98445997580416,Kounkel2020,7348.0,5.26667,
147485510,2.9486799728206213e+18,104.94986783,-13.9323156128167,0.736356,11.3354,12.029,0.31,11.785,0.024,10.79,0.026,10.62,0.022,10.545,0.023,11.6751,0.00026,11.9326,0.001487,11.266,0.000693,10.424,0.023,10.428,0.021,10.404,0.076,9.057,,Theia3278,194.98445997580416,Kounkel2020,7388.0,4.21313,1.68
147485529,2.948680801751792e+18,104.927074366211,-13.9249787718236,0.764165,15.925,17.887,-0.179,16.745,0.06,14.996,0.042,14.399,0.022,14.287,0.08,16.6306,0.001155,17.2447,0.017003,15.8645,0.003132,14.209,0.06,14.171,0.069,11.84,0.362,8.893,,Theia3278,194.98445997580416,Kounkel2020,5043.0,0.940537,0.84
147486014,2.9486876393391104e+18,104.940202597231,-13.7462091758837,0.69989,13.9841,15.213,0.052,14.542,0.035,13.242,0.033,12.968,0.031,12.894,0.032,14.45,0.000337,14.8103,0.002116,13.9154,0.001298,12.708,0.024,12.749,0.027,12.503,,9.195,,Theia3278,194.98445997580416,Kounkel2020,6462.0,1.57645,1.31
147583393,2.948669463038092e+18,105.052148839106,-13.9474322792656,0.70831,11.9422,12.548,0.048,12.245,0.057,11.453,0.026,11.38,0.022,11.287,0.024,12.1655,0.000205,12.3332,0.001439,11.8625,0.000886,11.251,0.023,11.257,0.021,11.161,0.138,8.892,,Theia3278,194.98445997580416,Kounkel2020,8423.0,2.85497,2.09
147584269,2.9485191692415165e+18,105.154985819985,-14.2660735102529,0.795339,12.9161,14.263,0.049,13.569,0.114,12.188,0.024,11.917,0.025,11.856,0.027,13.3939,0.000263,13.7719,0.001106,12.854,0.001152,11.727,0.022,11.778,0.022,12.524,0.522,9.047,,Theia3278,194.98445997580416,Kounkel2020,6429.0,2.3191,1.3
147700362,2.9494734766140293e+18,105.256931121729,-13.432196425856,0.465471,15.6508,17.434,0.113,16.5751,0.046,14.62,0.029,14.299,0.039,14.18,0.078,16.287,0.000868,16.824,0.007441,15.5939,0.002983,14.026,0.027,14.082,0.044,11.738,0.3,8.812,,Theia3278,194.98445997580416,Kounkel2020,5564.0,1.46694,0.98
147708043,2.948728733586328e+18,105.37396213346,-13.4004202090509,0.460429,14.4292,15.589,0.053,15.035,0.172,13.659,0.024,13.442,0.027,13.328,0.039,14.8451,0.000459,15.1614,0.003055,14.3501,0.001355,13.229,0.026,13.289,0.03,12.513,0.407,8.653,,Theia3278,194.98445997580416,Kounkel2020,7174.0,1.77316,1.6
147708413,2.948717532311673e+18,105.415763261927,-13.5248556839259,0.380908,14.0872,14.917,0.043,14.541,0.172,13.388,0.05,13.17,0.067,13.039,0.065,14.4541,0.000467,14.7269,0.002034,14.0071,0.00215,12.627,0.024,12.635,0.026,12.468,0.478,8.724,,Theia3278,194.98445997580416,Kounkel2020,7366.0,2.30989,1.68
147708836,2.948702925123881e+18,105.396745648379,-13.6696606982908,0.725433,15.6378,17.2,0.121,16.548,1.133,14.587,0.051,14.158,0.062,13.958,0.055,16.3167,0.000947,16.9031,0.006621,15.5829,0.00311,13.945,0.033,13.988,0.048,12.42,0.451,8.36,,Theia3278,194.98445997580416,Kounkel2020,5261.0,1.05409,0.9
147840913,2.948717119994828e+18,105.42381921201,-13.5597785450478,0.513988,12.7704,13.71,0.108,13.167,0.103,12.207,0.023,12.035,0.022,12.017,0.021,13.0417,0.000572,13.2361,0.002271,12.6842,0.001545,11.925,0.024,11.948,0.023,12.091,0.326,8.631,,Theia3278,194.98445997580416,Kounkel2020,8023.0,2.81042,1.94
147840211,2.9487003868022774e+18,105.509811150543,-13.6926060866167,0.497555,15.4212,16.857,0.114,16.381,1.133,14.492,0.03,14.138,0.048,13.999,0.062,16.0341,0.000944,16.5477,0.007455,15.3646,0.003647,13.876,0.028,13.933,0.041,12.582,,9.167,,Theia3278,194.98445997580416,Kounkel2020,5657.0,1.47239,1.0
147849980,2.948711759869356e+18,105.580769650705,-13.5109369985614,0.375466,16.2485,17.855,0.12,17.3028,0.0489,14.921,0.05,14.385,0.051,14.105,0.074,16.9399,0.001118,17.4349,0.022798,16.0427,0.026185,13.689,0.028,13.666,0.036,12.664,,9.015,,Theia3278,194.98445997580416,Kounkel2020,,,
147963287,2.948602186670988e+18,105.725251853089,-14.2328460799674,0.280385,16.0992,17.553,0.119,16.9387,0.046,15.21,0.045,14.814,0.068,14.761,0.104,16.6894,0.000853,17.1814,0.007193,16.0443,0.003,14.639,0.034,14.764,0.058,12.477,,8.609,,Theia3278,194.98445997580416,Kounkel2020,5870.0,1.71763,1.06
61498267,2.9526875595618125e+18,102.751307849371,-12.9010614122891,0.742238,13.65,14.872,0.036,14.208,0.137,12.983,0.026,12.758,0.029,12.619,0.029,14.0586,0.000358,14.3777,0.001725,13.5763,0.001485,12.603,0.024,12.599,0.024,12.54,0.482,9.069,,Theia3569,239.88329190194943,Kounkel2020,7327.0,1.58838,1.66
142527918,2.952834825400112e+18,103.292152975802,-12.3093495369597,0.675543,13.5817,15.222,0.102,14.329,0.126,12.66,0.024,12.314,0.025,12.242,0.023,14.1529,0.000317,14.6214,0.002199,13.5159,0.001418,12.149,0.023,12.185,0.022,11.969,,9.148,,Theia3569,239.88329190194943,Kounkel2020,6570.0,2.28218,1.36
35235701,2.953031775421084e+18,101.620735131454,-12.1056193995597,0.629269,12.9903,14.485,0.067,13.753,0.092,12.146,0.028,11.9,0.024,11.784,0.023,13.5208,0.00044,13.9483,0.002672,12.9264,0.001983,11.673,0.022,11.67,0.022,11.576,0.211,8.676,,Theia3569,239.88329190194943,Kounkel2020,6384.0,3.03339,1.28
61349426,2.952804623189105e+18,102.686726392758,-12.299056243719,0.686326,16.3446,18.397,0.064,17.5133,0.0463,15.215,0.052,14.785,0.059,14.636,0.102,17.1066,0.001307,17.7817,0.01066,16.3026,0.004435,14.588,0.03,14.63,0.06,12.569,,8.687,,Theia3569,239.88329190194943,Kounkel2020,5648.0,0.883997,1.0
123947493,2.952931891660394e+18,103.633717072907,-11.6599285875023,1.09643,15.1717,17.141,0.112,15.998,0.183,14.289,0.026,13.861,0.047,13.783,0.057,15.7754,0.00094,16.2897,0.00325,15.1133,0.002164,13.743,0.026,13.818,0.039,12.576,0.54,9.016,,Theia3569,239.88329190194943,Kounkel2020,5080.0,0.799982,0.85
142670597,2.952816301200467e+18,103.480730032255,-12.4888772963917,0.394347,15.0293,17.216,0.11,16.076,0.229,13.921,0.027,13.509,0.035,13.434,0.038,15.7327,0.000789,16.3409,0.003778,14.9789,0.00198,13.217,0.026,13.187,0.03,12.114,,8.855,,Theia3569,239.88329190194943,Kounkel2020,5858.0,2.44135,1.06
142530964,2.9497082610082657e+18,103.374759771145,-12.9206093763838,0.461907,14.7242,16.04,0.123,15.328,0.069,13.894,0.027,13.604,0.032,13.528,0.048,15.1991,0.000514,15.5752,0.002867,14.6516,0.002041,13.504,0.024,13.516,0.033,12.42,,8.749,,Theia3569,239.88329190194943,Kounkel2020,6989.0,1.68217,1.54
142672829,2.952825445191921e+18,103.574806727989,-12.3351214477543,0.875208,12.2152,13.043,0.082,12.53,0.057,11.673,0.028,11.474,0.032,11.402,0.023,12.527,0.000902,12.7265,0.002728,12.1144,0.001913,11.272,0.022,11.282,0.021,11.207,0.139,8.763,,Theia3569,239.88329190194943,Kounkel2020,7423.0,2.28516,1.7
142672845,2.952825410832185e+18,103.568556196349,-12.3425232580457,0.939856,16.0349,17.822,0.118,17.0221,0.0462,15.077,0.043,14.5,0.063,14.283,0.074,16.7011,0.000934,17.287,0.012048,15.9832,0.004418,14.331,0.029,14.507,0.063,12.665,,8.932,,Theia3569,239.88329190194943,Kounkel2020,4996.0,0.69432,0.83
148237156,2.936177052444474e+18,106.040675506876,-15.5222899661144,0.582157,16.4432,18.245,0.117,17.3996,0.0462,15.368,0.043,15.098,0.062,14.853,0.127,17.0954,0.000981,17.6499,0.010912,16.3831,0.003834,14.858,0.036,14.925,0.072,12.464,,9.203,,Theia4240,346.736850452531,Kounkel2020,5276.0,0.876112,0.9
148352680,2.9361817940885606e+18,106.326958911248,-15.4437816763787,0.398429,16.7933,14.37,0.085,17.7964,0.0461,15.74,0.075,15.173,0.111,15.064,0.156,17.4712,0.000995,18.0291,0.007571,16.716,0.005483,,,,,,,,,Theia4240,346.736850452531,Kounkel2020,5548.0,1.08263,0.98
148353512,2.9361203588746947e+18,106.36106513946,-15.7336768629816,0.47879,15.5483,15.974,0.107,16.369,1.133,14.693,0.03,14.302,0.036,14.068,0.058,16.1141,0.000572,16.5737,0.004998,15.482,0.002178,14.185,0.032,14.284,0.049,12.275,0.381,8.59,,Theia4240,346.736850452531,Kounkel2020,6372.0,1.28249,1.27
148451772,2.936108745283118e+18,106.452541547344,-15.7829796080762,0.80162,15.2988,16.63,0.115,15.951,1.133,14.423,0.033,14.135,0.027,13.988,0.064,15.8778,0.000606,16.3638,0.002379,15.2435,0.001758,13.976,0.028,14.026,0.039,12.218,0.329,8.961,,Theia4240,346.736850452531,Kounkel2020,5331.0,0.959691,0.92
148453018,2.936277000622788e+18,106.514067039912,-15.356185782374,0.523598,16.1977,,,16.9874,0.046,15.367,0.075,14.918,0.144,14.597,0.107,16.7597,0.000815,17.198,0.006748,16.1162,0.003937,,,,,,,,,Theia4240,346.736850452531,Kounkel2020,5686.0,0.909463,1.01
148451627,2.936107370893583e+18,106.522962555357,-15.8327226293523,0.439714,14.5235,15.571,0.112,15.183,0.149,13.707,0.03,13.501,0.029,13.377,0.042,15.0255,0.000391,15.4231,0.002736,14.4517,0.001433,,,,,,,,,Theia4240,346.736850452531,Kounkel2020,6736.0,2.00864,1.44
148351651,2.9362979299986867e+18,106.403364565207,-15.0833030819429,0.783229,14.1375,15.75,0.064,14.771,0.023,13.296,0.034,12.73,,12.801,0.037,14.6765,0.000259,15.1023,0.001627,14.066,0.002083,12.547,0.025,12.604,0.025,12.29,,8.803,,Theia4240,346.736850452531,Kounkel2020,5665.0,1.52981,1.01
35717337,2.952294690313588e+18,102.482935154789,-13.3493425103493,0.70559,14.1914,15.839,0.076,14.8,0.149,13.67,0.031,13.342,0.027,13.15,0.036,14.7277,0.000517,15.1608,0.00227,14.1295,0.001416,12.921,0.024,12.935,0.027,12.524,,8.899,,Theia4414,380.1893963205612,Kounkel2020,5624.0,1.6526,1.0
35717335,2.9522945185148867e+18,102.498186515219,-13.348720747954,0.889865,15.7151,17.156,0.051,16.6458,0.0459,14.797,0.036,14.306,0.044,14.261,0.071,16.3518,0.000728,16.9108,0.004977,15.6672,0.002122,14.138,0.029,14.268,0.046,12.525,,9.314,,Theia4414,380.1893963205612,Kounkel2020,5032.0,0.807227,0.84
35238221,2.952381689170529e+18,101.777374339935,-12.8610200328738,0.678613,12.2807,13.741,0.043,12.953,0.069,11.469,0.026,11.17,0.023,11.078,0.024,12.799,0.000326,13.2169,0.001121,12.221,0.001178,11.031,0.023,11.014,0.021,11.041,0.134,8.464,,Theia4414,380.1893963205612,Kounkel2020,6222.0,3.86729,1.2
35407713,2.949146685443324e+18,101.900259125811,-14.0914558900093,0.675708,12.6122,13.432,0.04,12.983,0.103,12.071,0.024,11.932,0.024,11.887,0.024,12.9049,0.000445,13.1324,0.001657,12.5373,0.001137,11.842,0.022,11.84,0.021,11.639,0.249,9.025,,Theia4414,380.1893963205612,Kounkel2020,8042.0,2.4012,1.95
35574594,2.952259609021048e+18,102.130667754102,-13.6385719294817,0.698589,14.167,15.422,0.0,14.894,0.309,13.415,0.028,13.108,0.023,13.004,0.032,14.6737,0.00047,15.0767,0.002359,14.1052,0.002015,13.001,0.025,13.011,0.028,12.634,,8.872,,Theia4414,380.1893963205612,Kounkel2020,5954.0,1.57309,1.09
147779094,2.935778994874957e+18,105.510043695736,-15.8472168105638,0.317164,16.2644,17.804,0.117,17.3979,0.046,15.167,0.039,14.644,0.045,14.688,0.096,17.0088,0.00076,17.6688,0.007051,16.224,0.003029,14.496,0.03,14.555,0.053,12.362,,9.016,,Theia4937,501.1872336272715,Kounkel2020,5570.0,1.84207,0.98
147910634,2.948287691987032e+18,105.568803205486,-14.8367795818671,0.220354,16.0795,16.698,0.119,16.7279,0.0459,15.268,0.056,14.935,0.068,14.893,0.121,16.5539,0.000599,16.9305,0.005073,15.9999,0.00194,14.705,0.032,15.009,0.074,12.375,0.46,8.584,,Theia4951,501.1872336272715,Kounkel2020,7280.0,1.72178,1.64
148036378,2.948204266540627e+18,105.863677954915,-15.3659309403081,0.326303,15.3398,16.496,0.113,16.116,1.133,14.485,0.03,14.174,0.044,14.022,0.064,15.8756,0.000589,16.3046,0.002768,15.2737,0.001834,13.977,0.029,13.983,0.04,12.251,,9.254,,Theia4951,501.1872336272715,Kounkel2020,6229.0,1.93419,1.2
148237011,2.936179144084506e+18,106.124996246866,-15.4714132975595,0.206781,15.8952,15.66,0.122,16.309,1.133,15.116,0.079,14.836,0.063,14.983,0.142,16.3117,0.000507,16.6277,0.003257,15.8189,0.002189,,,,,,,,,Theia4951,501.1872336272715,Kounkel2020,7033.0,1.80608,1.55
148237875,2.936145647642969e+18,106.043229683219,-15.7737115366303,0.325426,13.7185,14.535,0.045,14.352,0.137,12.943,0.031,12.703,0.023,12.604,0.032,14.1636,0.000232,14.5063,0.001218,13.6427,0.001098,12.534,0.028,12.558,0.032,12.191,,8.694,,Theia5366,602.559586074357,Kounkel2020,6954.0,3.53285,1.52
148452282,2.936131491429825e+18,106.447186241023,-15.6091446712712,0.511752,14.2761,15.707,0.055,14.801,0.103,13.462,0.027,13.274,0.033,13.099,0.036,14.7485,0.000348,15.1195,0.001704,14.2076,0.001074,13.122,0.025,13.134,0.03,12.531,,8.99,,Theia6659,1148.1536214968842,Kounkel2020,6694.0,1.86921,1.42
147912584,2.948177981339715e+18,105.616335928425,-15.5323391246093,0.326836,14.5937,15.964,0.044,15.148,0.092,13.819,0.037,13.569,0.039,13.495,0.043,15.0773,0.000256,15.4549,0.001516,14.5242,0.000958,13.375,0.032,13.358,0.038,12.055,,8.449,,Theia6659,1148.1536214968842,Kounkel2020,6508.0,2.5019,1.34
147913736,2.935765457138062e+18,105.623673593537,-15.9622690002663,0.246583,16.2806,17.761,0.12,17.1587,0.046,15.373,0.048,15.012,0.066,14.784,0.132,16.892,0.000675,17.3953,0.006342,16.2157,0.004058,14.585,0.03,14.874,0.057,12.576,,8.837,,Theia6659,1148.1536214968842,Kounkel2020,6083.0,1.78237,1.14
147712460,2.9482551876735027e+18,105.298446526358,-15.0241934327745,0.279166,16.2971,17.242,0.124,16.561,1.133,15.548,0.061,15.258,0.091,14.983,0.135,16.7344,0.000634,17.0662,0.009678,16.2131,0.00511,15.207,0.037,15.511,0.108,12.707,,8.758,,Theia6659,1148.1536214968842,Kounkel2020,7142.0,1.22184,1.59
147961092,2.9482320635686216e+18,105.756604997524,-14.998687084642,0.445695,16.3398,17.049,0.118,17.3157,0.0459,15.316,0.049,14.96,0.075,14.856,0.119,17.0037,0.000655,17.571,0.005177,16.2868,0.003165,,,,,,,,,Theia6659,1148.1536214968842,Kounkel2020,5668.0,1.15727,1.01
148453230,2.936281398665756e+18,106.43699743445,-15.2861086208363,0.317128,16.746,18.034,0.128,17.5645,0.046,15.803,0.065,15.472,0.111,15.463,,17.3243,0.001055,17.8003,0.008887,16.6862,0.004966,15.258,0.041,15.424,0.101,12.122,,8.458,,Theia6659,1148.1536214968842,Kounkel2020,6102.0,1.11973,1.15
148452737,2.936135614598321e+18,106.510079853872,-15.4461430623959,0.473374,11.9543,14.448,0.048,13.029,0.103,10.791,0.026,10.234,0.023,10.047,0.021,12.7202,0.00025,13.4262,0.001042,11.918,0.000909,9.944,0.022,10.0,0.021,9.907,0.052,8.451,,Theia6659,1148.1536214968842,Kounkel2020,4860.0,10.2293,
148237889,2.936146845933196e+18,106.086651226331,-15.7772198030014,0.267081,16.7922,17.399,0.135,17.3897,0.046,15.966,0.084,15.595,0.11,15.359,0.202,17.2368,0.001009,17.5926,0.007323,16.7285,0.006511,15.68,0.049,16.229,0.2,12.597,,8.517,,Theia6659,1148.1536214968842,Kounkel2020,7014.0,1.01529,1.54
148453559,2.936284460986173e+18,106.51453255367,-15.176413057305,0.268952,15.8586,16.625,0.114,16.4597,0.0459,15.035,0.042,14.997,0.085,14.684,0.116,16.3062,0.000617,16.6522,0.003132,15.7859,0.002769,14.599,0.036,14.785,0.063,12.643,,8.893,,Theia6659,1148.1536214968842,Kounkel2020,6860.0,1.56601,1.49
